-2.0e0 0.0e0 0.0e0 0.0e0
-1.9e0 0.0e0 0.0e0 0.0e0
-1.8e0 0.0e0 0.0e0 0.0e0
-1.7e0 0.0e0 0.0e0 0.0e0
-1.6e0 0.0e0 0.0e0 0.0e0
-1.5e0 0.0e0 0.0e0 0.0e0
-1.4e0 0.0e0 0.0e0 0.0e0
-1.3e0 0.0e0 0.0e0 0.0e0
-1.2e0 0.0e0 0.0e0 0.0e0
-1.1e0 0.0e0 0.0e0 0.0e0
-1.0e0 0.0e0 0.0e0 0.0e0
-9.0e-1 0.0e0 0.0e0 0.0e0
-8.0e-1 0.0e0 0.0e0 0.0e0
-7.0e-1 0.0e0 0.0e0 0.0e0
-6.0e-1 0.0e0 0.0e0 0.0e0
-5.0e-1 0.0e0 0.0e0 0.0e0
-4.0e-1 0.0e0 0.0e0 0.0e0
-3.0e-1 0.0e0 0.0e0 0.0e0
-2.0e-1 0.0e0 0.0e0 0.0e0
-1.0e-1 0.0e0 0.0e0 0.0e0
0.0e0 0.0e0 0.0e0 0.0e0
1.0e-1 0.0e0 0.0e0 0.0e0
2.0e-1 0.0e0 0.0e0 0.0e0
3.0e-1 0.0e0 0.0e0 0.0e0
4.0e-1 0.0e0 0.0e0 0.0e0
5.0e-1 0.0e0 0.0e0 0.0e0
6.0e-1 0.0e0 0.0e0 0.0e0
7.0e-1 0.0e0 0.0e0 0.0e0
8.0e-1 0.0e0 0.0e0 0.0e0
9.0e-1 0.0e0 0.0e0 0.0e0
1.0e0 0.0e0 0.0e0 0.0e0
1.1e0 0.0e0 0.0e0 0.0e0
1.2e0 0.0e0 0.0e0 0.0e0
1.3e0 0.0e0 0.0e0 0.0e0
1.4e0 0.0e0 0.0e0 0.0e0
1.5e0 0.0e0 0.0e0 0.0e0
1.6e0 0.0e0 0.0e0 0.0e0
1.7e0 0.0e0 0.0e0 0.0e0
1.8e0 0.0e0 0.0e0 0.0e0
1.9e0 0.0e0 0.0e0 0.0e0
2.0e0 0.0e0 0.0e0 0.0e0

-2.0e0 1.57079e-1 -2.8648036e-3 -2.8648036e-3
-1.9e0 1.57079e-1 -4.2312732e-3 -4.2312732e-3
-1.8e0 1.57079e-1 -6.1257913e-3 -6.1257913e-3
-1.7e0 1.57079e-1 -8.6929898e-3 -8.6929898e-3
-1.6e0 1.57079e-1 -1.20917448e-2 -1.20917448e-2
-1.5e0 1.57079e-1 -1.6489806e-2 -1.6489806e-2
-1.4e0 1.57079e-1 -2.2027063e-2 -2.2027063e-2
-1.3e0 1.57079e-1 -2.8865735e-2 -2.8865735e-2
-1.2e0 1.57079e-1 -3.7063725e-2 -3.7063725e-2
-1.1e0 1.57079e-1 -4.665383e-2 -4.665383e-2
-1.0e0 1.57079e-1 -5.7542223e-2 -5.7542223e-2
-9.0e-1 1.57079e-1 -6.9591258e-2 -6.9591258e-2
-8.0e-1 1.57079e-1 -8.2499034e-2 -8.2499034e-2
-7.0e-1 1.57079e-1 -9.5846335e-2 -9.5846335e-2
-6.0e-1 1.57079e-1 -1.09142033e-1 -1.09142033e-1
-5.0e-1 1.57079e-1 -1.2184803e-1 -1.2184803e-1
-4.0e-1 1.57079e-1 -1.33316743e-1 -1.33316743e-1
-3.0e-1 1.57079e-1 -1.42985063e-1 -1.42985063e-1
-2.0e-1 1.57079e-1 -1.5032429e-1 -1.5032429e-1
-1.0e-1 1.57079e-1 -1.54891751e-1 -1.54891751e-1
0.0e0 1.57079e-1 -1.5641998e-1 -1.5641998e-1
1.0e-1 1.57079e-1 -1.54891751e-1 -1.54891751e-1
2.0e-1 1.57079e-1 -1.5032429e-1 -1.5032429e-1
3.0e-1 1.57079e-1 -1.42985063e-1 -1.42985063e-1
4.0e-1 1.57079e-1 -1.33316743e-1 -1.33316743e-1
5.0e-1 1.57079e-1 -1.2184803e-1 -1.2184803e-1
6.0e-1 1.57079e-1 -1.09142033e-1 -1.09142033e-1
7.0e-1 1.57079e-1 -9.5846335e-2 -9.5846335e-2
8.0e-1 1.57079e-1 -8.2499034e-2 -8.2499034e-2
9.0e-1 1.57079e-1 -6.9591258e-2 -6.9591258e-2
1.0e0 1.57079e-1 -5.7542223e-2 -5.7542223e-2
1.1e0 1.57079e-1 -4.665383e-2 -4.665383e-2
1.2e0 1.57079e-1 -3.7063725e-2 -3.7063725e-2
1.3e0 1.57079e-1 -2.8865735e-2 -2.8865735e-2
1.4e0 1.57079e-1 -2.2027063e-2 -2.2027063e-2
1.5e0 1.57079e-1 -1.6489806e-2 -1.6489806e-2
1.6e0 1.57079e-1 -1.20917448e-2 -1.20917448e-2
1.7e0 1.57079e-1 -8.6929898e-3 -8.6929898e-3
1.8e0 1.57079e-1 -6.1257913e-3 -6.1257913e-3
1.9e0 1.57079e-1 -4.2312732e-3 -4.2312732e-3
2.0e0 1.57079e-1 -2.8648036e-3 -2.8648036e-3

-2.0e0 3.1415799e-1 -5.659278e-3 -5.659278e-3
-1.9e0 3.1415799e-1 -8.3586708e-3 -8.3586708e-3
-1.8e0 3.1415799e-1 -1.21011978e-2 -1.21011978e-2
-1.7e0 3.1415799e-1 -1.71725716e-2 -1.71725716e-2
-1.6e0 3.1415799e-1 -2.38866438e-2 -2.38866438e-2
-1.5e0 3.1415799e-1 -3.2574796e-2 -3.2574796e-2
-1.4e0 3.1415799e-1 -4.3513373e-2 -4.3513373e-2
-1.3e0 3.1415799e-1 -5.7022832e-2 -5.7022832e-2
-1.2e0 3.1415799e-1 -7.3217557e-2 -7.3217557e-2
-1.1e0 3.1415799e-1 -9.2162334e-2 -9.2162334e-2
-1.0e0 3.1415799e-1 -1.13671814e-1 -1.13671814e-1
-9.0e-1 3.1415799e-1 -1.37474089e-1 -1.37474089e-1
-8.0e-1 3.1415799e-1 -1.6297276e-1 -1.6297276e-1
-7.0e-1 3.1415799e-1 -1.89339693e-1 -1.89339693e-1
-6.0e-1 3.1415799e-1 -2.15604688e-1 -2.15604688e-1
-5.0e-1 3.1415799e-1 -2.40704756e-1 -2.40704756e-1
-4.0e-1 3.1415799e-1 -2.63360634e-1 -2.63360634e-1
-3.0e-1 3.1415799e-1 -2.8245992e-1 -2.8245992e-1
-2.0e-1 3.1415799e-1 -2.969582e-1 -2.969582e-1
-1.0e-1 3.1415799e-1 -3.05980994e-1 -3.05980994e-1
0.0e0 3.1415799e-1 -3.0899994e-1 -3.0899994e-1
1.0e-1 3.1415799e-1 -3.05980994e-1 -3.05980994e-1
2.0e-1 3.1415799e-1 -2.969582e-1 -2.969582e-1
3.0e-1 3.1415799e-1 -2.8245992e-1 -2.8245992e-1
4.0e-1 3.1415799e-1 -2.63360634e-1 -2.63360634e-1
5.0e-1 3.1415799e-1 -2.40704756e-1 -2.40704756e-1
6.0e-1 3.1415799e-1 -2.15604688e-1 -2.15604688e-1
7.0e-1 3.1415799e-1 -1.89339693e-1 -1.89339693e-1
8.0e-1 3.1415799e-1 -1.6297276e-1 -1.6297276e-1
9.0e-1 3.1415799e-1 -1.37474089e-1 -1.37474089e-1
1.0e0 3.1415799e-1 -1.13671814e-1 -1.13671814e-1
1.1e0 3.1415799e-1 -9.2162334e-2 -9.2162334e-2
1.2e0 3.1415799e-1 -7.3217557e-2 -7.3217557e-2
1.3e0 3.1415799e-1 -5.7022832e-2 -5.7022832e-2
1.4e0 3.1415799e-1 -4.3513373e-2 -4.3513373e-2
1.5e0 3.1415799e-1 -3.2574796e-2 -3.2574796e-2
1.6e0 3.1415799e-1 -2.38866438e-2 -2.38866438e-2
1.7e0 3.1415799e-1 -1.71725716e-2 -1.71725716e-2
1.8e0 3.1415799e-1 -1.21011978e-2 -1.21011978e-2
1.9e0 3.1415799e-1 -8.3586708e-3 -8.3586708e-3
2.0e0 3.1415799e-1 -5.659278e-3 -5.659278e-3

-2.0e0 4.7123698e-1 -8.3145607e-3 -8.3145607e-3
-1.9e0 4.7123698e-1 -1.22804845e-2 -1.22804845e-2
-1.8e0 4.7123698e-1 -1.77789717e-2 -1.77789717e-2
-1.7e0 4.7123698e-1 -2.52297888e-2 -2.52297888e-2
-1.6e0 4.7123698e-1 -3.50940437e-2 -3.50940437e-2
-1.5e0 4.7123698e-1 -4.78586e-2 -4.78586e-2
-1.4e0 4.7123698e-1 -6.3929459e-2 -6.3929459e-2
-1.3e0 4.7123698e-1 -8.3777435e-2 -8.3777435e-2
-1.2e0 4.7123698e-1 -1.07570581e-1 -1.07570581e-1
-1.1e0 4.7123698e-1 -1.35404077e-1 -1.35404077e-1
-1.0e0 4.7123698e-1 -1.67005615e-1 -1.67005615e-1
-9.0e-1 4.7123698e-1 -2.01975703e-1 -2.01975703e-1
-8.0e-1 4.7123698e-1 -2.39438124e-1 -2.39438124e-1
-7.0e-1 4.7123698e-1 -2.78176186e-1 -2.78176186e-1
-6.0e-1 4.7123698e-1 -3.16764482e-1 -3.16764482e-1
-5.0e-1 4.7123698e-1 -3.53641278e-1 -3.53641278e-1
-4.0e-1 4.7123698e-1 -3.8692709e-1 -3.8692709e-1
-3.0e-1 4.7123698e-1 -4.1498759e-1 -4.1498759e-1
-2.0e-1 4.7123698e-1 -4.36288336e-1 -4.36288336e-1
-1.0e-1 4.7123698e-1 -4.49544542e-1 -4.49544542e-1
0.0e0 4.7123698e-1 -4.5397995e-1 -4.5397995e-1
1.0e-1 4.7123698e-1 -4.49544542e-1 -4.49544542e-1
2.0e-1 4.7123698e-1 -4.36288336e-1 -4.36288336e-1
3.0e-1 4.7123698e-1 -4.1498759e-1 -4.1498759e-1
4.0e-1 4.7123698e-1 -3.8692709e-1 -3.8692709e-1
5.0e-1 4.7123698e-1 -3.53641278e-1 -3.53641278e-1
6.0e-1 4.7123698e-1 -3.16764482e-1 -3.16764482e-1
7.0e-1 4.7123698e-1 -2.78176186e-1 -2.78176186e-1
8.0e-1 4.7123698e-1 -2.39438124e-1 -2.39438124e-1
9.0e-1 4.7123698e-1 -2.01975703e-1 -2.01975703e-1
1.0e0 4.7123698e-1 -1.67005615e-1 -1.67005615e-1
1.1e0 4.7123698e-1 -1.35404077e-1 -1.35404077e-1
1.2e0 4.7123698e-1 -1.07570581e-1 -1.07570581e-1
1.3e0 4.7123698e-1 -8.3777435e-2 -8.3777435e-2
1.4e0 4.7123698e-1 -6.3929459e-2 -6.3929459e-2
1.5e0 4.7123698e-1 -4.78586e-2 -4.78586e-2
1.6e0 4.7123698e-1 -3.50940437e-2 -3.50940437e-2
1.7e0 4.7123698e-1 -2.52297888e-2 -2.52297888e-2
1.8e0 4.7123698e-1 -1.77789717e-2 -1.77789717e-2
1.9e0 4.7123698e-1 -1.22804845e-2 -1.22804845e-2
2.0e0 4.7123698e-1 -8.3145607e-3 -8.3145607e-3

-2.0e0 6.2831598e-1 -1.07648999e-2 -1.07648999e-2
-1.9e0 6.2831598e-1 -1.58995998e-2 -1.58995998e-2
-1.8e0 6.2831598e-1 -2.30185164e-2 -2.30185164e-2
-1.7e0 6.2831598e-1 -3.26651236e-2 -3.26651236e-2
-1.6e0 6.2831598e-1 -4.54364198e-2 -4.54364198e-2
-1.5e0 6.2831598e-1 -6.1962749e-2 -6.1962749e-2
-1.4e0 6.2831598e-1 -8.2769765e-2 -8.2769765e-2
-1.3e0 6.2831598e-1 -1.0846703e-1 -1.0846703e-1
-1.2e0 6.2831598e-1 -1.39272127e-1 -1.39272127e-1
-1.1e0 6.2831598e-1 -1.75308281e-1 -1.75308281e-1
-1.0e0 6.2831598e-1 -2.16222937e-1 -2.16222937e-1
-9.0e-1 6.2831598e-1 -2.61498872e-1 -2.61498872e-1
-8.0e-1 6.2831598e-1 -3.1000164e-1 -3.1000164e-1
-7.0e-1 6.2831598e-1 -3.60155986e-1 -3.60155986e-1
-6.0e-1 6.2831598e-1 -4.1011643e-1 -4.1011643e-1
-5.0e-1 6.2831598e-1 -4.57860988e-1 -4.57860988e-1
-4.0e-1 6.2831598e-1 -5.00956284e-1 -5.00956284e-1
-3.0e-1 6.2831598e-1 -5.37286342e-1 -5.37286342e-1
-2.0e-1 6.2831598e-1 -5.64864514e-1 -5.64864514e-1
-1.0e-1 6.2831598e-1 -5.82027385e-1 -5.82027385e-1
0.0e0 6.2831598e-1 -5.8776993e-1 -5.8776993e-1
1.0e-1 6.2831598e-1 -5.82027385e-1 -5.82027385e-1
2.0e-1 6.2831598e-1 -5.64864514e-1 -5.64864514e-1
3.0e-1 6.2831598e-1 -5.37286342e-1 -5.37286342e-1
4.0e-1 6.2831598e-1 -5.00956284e-1 -5.00956284e-1
5.0e-1 6.2831598e-1 -4.57860988e-1 -4.57860988e-1
6.0e-1 6.2831598e-1 -4.1011643e-1 -4.1011643e-1
7.0e-1 6.2831598e-1 -3.60155986e-1 -3.60155986e-1
8.0e-1 6.2831598e-1 -3.1000164e-1 -3.1000164e-1
9.0e-1 6.2831598e-1 -2.61498872e-1 -2.61498872e-1
1.0e0 6.2831598e-1 -2.16222937e-1 -2.16222937e-1
1.1e0 6.2831598e-1 -1.75308281e-1 -1.75308281e-1
1.2e0 6.2831598e-1 -1.39272127e-1 -1.39272127e-1
1.3e0 6.2831598e-1 -1.0846703e-1 -1.0846703e-1
1.4e0 6.2831598e-1 -8.2769765e-2 -8.2769765e-2
1.5e0 6.2831598e-1 -6.1962749e-2 -6.1962749e-2
1.6e0 6.2831598e-1 -4.54364198e-2 -4.54364198e-2
1.7e0 6.2831598e-1 -3.26651236e-2 -3.26651236e-2
1.8e0 6.2831598e-1 -2.30185164e-2 -2.30185164e-2
1.9e0 6.2831598e-1 -1.58995998e-2 -1.58995998e-2
2.0e0 6.2831598e-1 -1.07648999e-2 -1.07648999e-2

-2.0e0 7.8539497e-1 -1.29502255e-2 -1.29502255e-2
-1.9e0 7.8539497e-1 -1.91272935e-2 -1.91272935e-2
-1.8e0 7.8539497e-1 -2.76913838e-2 -2.76913838e-2
-1.7e0 7.8539497e-1 -3.92962978e-2 -3.92962978e-2
-1.6e0 7.8539497e-1 -5.46602275e-2 -5.46602275e-2
-1.5e0 7.8539497e-1 -7.454148e-2 -7.454148e-2
-1.4e0 7.8539497e-1 -9.9572418e-2 -9.9572418e-2
-1.3e0 7.8539497e-1 -1.3048635e-1 -1.3048635e-1
-1.2e0 7.8539497e-1 -1.67545026e-1 -1.67545026e-1
-1.1e0 7.8539497e-1 -2.1089669e-1 -2.1089669e-1
-1.0e0 7.8539497e-1 -2.60117215e-1 -2.60117215e-1
-9.0e-1 7.8539497e-1 -3.14584378e-1 -3.14584378e-1
-8.0e-1 7.8539497e-1 -3.72933437e-1 -3.72933437e-1
-7.0e-1 7.8539497e-1 -4.33269351e-1 -4.33269351e-1
-6.0e-1 7.8539497e-1 -4.93372002e-1 -4.93372002e-1
-5.0e-1 7.8539497e-1 -5.5080893e-1 -5.5080893e-1
-4.0e-1 7.8539497e-1 -6.02652773e-1 -6.02652773e-1
-3.0e-1 7.8539497e-1 -6.46358003e-1 -6.46358003e-1
-2.0e-1 7.8539497e-1 -6.79534676e-1 -6.79534676e-1
-1.0e-1 7.8539497e-1 -7.00181691e-1 -7.00181691e-1
0.0e0 7.8539497e-1 -7.0709e-1 -7.0709e-1
1.0e-1 7.8539497e-1 -7.00181691e-1 -7.00181691e-1
2.0e-1 7.8539497e-1 -6.79534676e-1 -6.79534676e-1
3.0e-1 7.8539497e-1 -6.46358003e-1 -6.46358003e-1
4.0e-1 7.8539497e-1 -6.02652773e-1 -6.02652773e-1
5.0e-1 7.8539497e-1 -5.5080893e-1 -5.5080893e-1
6.0e-1 7.8539497e-1 -4.93372002e-1 -4.93372002e-1
7.0e-1 7.8539497e-1 -4.33269351e-1 -4.33269351e-1
8.0e-1 7.8539497e-1 -3.72933437e-1 -3.72933437e-1
9.0e-1 7.8539497e-1 -3.14584378e-1 -3.14584378e-1
1.0e0 7.8539497e-1 -2.60117215e-1 -2.60117215e-1
1.1e0 7.8539497e-1 -2.1089669e-1 -2.1089669e-1
1.2e0 7.8539497e-1 -1.67545026e-1 -1.67545026e-1
1.3e0 7.8539497e-1 -1.3048635e-1 -1.3048635e-1
1.4e0 7.8539497e-1 -9.9572418e-2 -9.9572418e-2
1.5e0 7.8539497e-1 -7.454148e-2 -7.454148e-2
1.6e0 7.8539497e-1 -5.46602275e-2 -5.46602275e-2
1.7e0 7.8539497e-1 -3.92962978e-2 -3.92962978e-2
1.8e0 7.8539497e-1 -2.76913838e-2 -2.76913838e-2
1.9e0 7.8539497e-1 -1.91272935e-2 -1.91272935e-2
2.0e0 7.8539497e-1 -1.29502255e-2 -1.29502255e-2

-2.0e0 9.4247397e-1 -1.4816506e-2 -1.4816506e-2
-1.9e0 9.4247397e-1 -2.18837627e-2 -2.18837627e-2
-1.8e0 9.4247397e-1 -3.16820395e-2 -3.16820395e-2
-1.7e0 9.4247397e-1 -4.49593587e-2 -4.49593587e-2
-1.6e0 9.4247397e-1 -6.25374121e-2 -6.25374121e-2
-1.5e0 9.4247397e-1 -8.5283788e-2 -8.5283788e-2
-1.4e0 9.4247397e-1 -1.1392198e-1 -1.1392198e-1
-1.3e0 9.4247397e-1 -1.49290976e-1 -1.49290976e-1
-1.2e0 9.4247397e-1 -1.91690244e-1 -1.91690244e-1
-1.1e0 9.4247397e-1 -2.41289395e-1 -2.41289395e-1
-1.0e0 9.4247397e-1 -2.97603178e-1 -2.97603178e-1
-9.0e-1 9.4247397e-1 -3.59919704e-1 -3.59919704e-1
-8.0e-1 9.4247397e-1 -4.26677551e-1 -4.26677551e-1
-7.0e-1 9.4247397e-1 -4.95708585e-1 -4.95708585e-1
-6.0e-1 9.4247397e-1 -5.64472737e-1 -5.64472737e-1
-5.0e-1 9.4247397e-1 -6.30187006e-1 -6.30187006e-1
-4.0e-1 9.4247397e-1 -6.89502159e-1 -6.89502159e-1
-3.0e-1 9.4247397e-1 -7.3950583e-1 -7.3950583e-1
-2.0e-1 9.4247397e-1 -7.77463654e-1 -7.77463654e-1
-1.0e-1 9.4247397e-1 -8.01086147e-1 -8.01086147e-1
0.0e0 9.4247397e-1 -8.0899002e-1 -8.0899002e-1
1.0e-1 9.4247397e-1 -8.01086147e-1 -8.01086147e-1
2.0e-1 9.4247397e-1 -7.77463654e-1 -7.77463654e-1
3.0e-1 9.4247397e-1 -7.3950583e-1 -7.3950583e-1
4.0e-1 9.4247397e-1 -6.89502159e-1 -6.89502159e-1
5.0e-1 9.4247397e-1 -6.30187006e-1 -6.30187006e-1
6.0e-1 9.4247397e-1 -5.64472737e-1 -5.64472737e-1
7.0e-1 9.4247397e-1 -4.95708585e-1 -4.95708585e-1
8.0e-1 9.4247397e-1 -4.26677551e-1 -4.26677551e-1
9.0e-1 9.4247397e-1 -3.59919704e-1 -3.59919704e-1
1.0e0 9.4247397e-1 -2.97603178e-1 -2.97603178e-1
1.1e0 9.4247397e-1 -2.41289395e-1 -2.41289395e-1
1.2e0 9.4247397e-1 -1.91690244e-1 -1.91690244e-1
1.3e0 9.4247397e-1 -1.49290976e-1 -1.49290976e-1
1.4e0 9.4247397e-1 -1.1392198e-1 -1.1392198e-1
1.5e0 9.4247397e-1 -8.5283788e-2 -8.5283788e-2
1.6e0 9.4247397e-1 -6.25374121e-2 -6.25374121e-2
1.7e0 9.4247397e-1 -4.49593587e-2 -4.49593587e-2
1.8e0 9.4247397e-1 -3.16820395e-2 -3.16820395e-2
1.9e0 9.4247397e-1 -2.18837627e-2 -2.18837627e-2
2.0e0 9.4247397e-1 -1.4816506e-2 -1.4816506e-2

-2.0e0 1.09955296e0 -1.63183206e-2 -1.63183206e-2
-1.9e0 1.09955296e0 -2.4101921e-2 -2.4101921e-2
-1.8e0 1.09955296e0 -3.48933601e-2 -3.48933601e-2
-1.7e0 1.09955296e0 -4.95164804e-2 -4.95164804e-2
-1.6e0 1.09955296e0 -6.88762616e-2 -6.88762616e-2
-1.5e0 1.09955296e0 -9.392823e-2 -9.392823e-2
-1.4e0 1.09955296e0 -1.25469217e-1 -1.25469217e-1
-1.3e0 1.09955296e0 -1.64423245e-1 -1.64423245e-1
-1.2e0 1.09955296e0 -2.11120143e-1 -2.11120143e-1
-1.1e0 1.09955296e0 -2.6574671e-1 -2.6574671e-1
-1.0e0 1.09955296e0 -3.2776851e-1 -3.2776851e-1
-9.0e-1 1.09955296e0 -3.96401495e-1 -3.96401495e-1
-8.0e-1 1.09955296e0 -4.6992598e-1 -4.6992598e-1
-7.0e-1 1.09955296e0 -5.45954062e-1 -5.45954062e-1
-6.0e-1 1.09955296e0 -6.21688211e-1 -6.21688211e-1
-5.0e-1 1.09955296e0 -6.94063338e-1 -6.94063338e-1
-4.0e-1 1.09955296e0 -7.5939073e-1 -7.5939073e-1
-3.0e-1 1.09955296e0 -8.14462819e-1 -8.14462819e-1
-2.0e-1 1.09955296e0 -8.56268082e-1 -8.56268082e-1
-1.0e-1 1.09955296e0 -8.82284973e-1 -8.82284973e-1
0.0e0 1.09955296e0 -8.9098999e-1 -8.9098999e-1
1.0e-1 1.09955296e0 -8.82284973e-1 -8.82284973e-1
2.0e-1 1.09955296e0 -8.56268082e-1 -8.56268082e-1
3.0e-1 1.09955296e0 -8.14462819e-1 -8.14462819e-1
4.0e-1 1.09955296e0 -7.5939073e-1 -7.5939073e-1
5.0e-1 1.09955296e0 -6.94063338e-1 -6.94063338e-1
6.0e-1 1.09955296e0 -6.21688211e-1 -6.21688211e-1
7.0e-1 1.09955296e0 -5.45954062e-1 -5.45954062e-1
8.0e-1 1.09955296e0 -4.6992598e-1 -4.6992598e-1
9.0e-1 1.09955296e0 -3.96401495e-1 -3.96401495e-1
1.0e0 1.09955296e0 -3.2776851e-1 -3.2776851e-1
1.1e0 1.09955296e0 -2.6574671e-1 -2.6574671e-1
1.2e0 1.09955296e0 -2.11120143e-1 -2.11120143e-1
1.3e0 1.09955296e0 -1.64423245e-1 -1.64423245e-1
1.4e0 1.09955296e0 -1.25469217e-1 -1.25469217e-1
1.5e0 1.09955296e0 -9.392823e-2 -9.392823e-2
1.6e0 1.09955296e0 -6.88762616e-2 -6.88762616e-2
1.7e0 1.09955296e0 -4.95164804e-2 -4.95164804e-2
1.8e0 1.09955296e0 -3.48933601e-2 -3.48933601e-2
1.9e0 1.09955296e0 -2.4101921e-2 -2.4101921e-2
2.0e0 1.09955296e0 -1.63183206e-2 -1.63183206e-2

-2.0e0 1.2566318e0 -1.74183081e-2 -1.74183081e-2
-1.9e0 1.2566318e0 -2.57265863e-2 -2.57265863e-2
-1.8e0 1.2566318e0 -3.72454561e-2 -3.72454561e-2
-1.7e0 1.2566318e0 -5.28542937e-2 -5.28542937e-2
-1.6e0 1.2566318e0 -7.35190814e-2 -7.35190814e-2
-1.5e0 1.2566318e0 -1.00259756e-1 -1.00259756e-1
-1.4e0 1.2566318e0 -1.33926862e-1 -1.33926862e-1
-1.3e0 1.2566318e0 -1.75506708e-1 -1.75506708e-1
-1.2e0 1.2566318e0 -2.25351357e-1 -2.25351357e-1
-1.1e0 1.2566318e0 -2.83660197e-1 -2.83660197e-1
-1.0e0 1.2566318e0 -3.49862772e-1 -3.49862772e-1
-9.0e-1 1.2566318e0 -4.23122177e-1 -4.23122177e-1
-8.0e-1 1.2566318e0 -5.01602809e-1 -5.01602809e-1
-7.0e-1 1.2566318e0 -5.82755803e-1 -5.82755803e-1
-6.0e-1 1.2566318e0 -6.63595049e-1 -6.63595049e-1
-5.0e-1 1.2566318e0 -7.40848848e-1 -7.40848848e-1
-4.0e-1 1.2566318e0 -8.10579837e-1 -8.10579837e-1
-3.0e-1 1.2566318e0 -8.69364233e-1 -8.69364233e-1
-2.0e-1 1.2566318e0 -9.13987509e-1 -9.13987509e-1
-1.0e-1 1.2566318e0 -9.41758151e-1 -9.41758151e-1
0.0e0 1.2566318e0 -9.5104996e-1 -9.5104996e-1
1.0e-1 1.2566318e0 -9.41758151e-1 -9.41758151e-1
2.0e-1 1.2566318e0 -9.13987509e-1 -9.13987509e-1
3.0e-1 1.2566318e0 -8.69364233e-1 -8.69364233e-1
4.0e-1 1.2566318e0 -8.10579837e-1 -8.10579837e-1
5.0e-1 1.2566318e0 -7.40848848e-1 -7.40848848e-1
6.0e-1 1.2566318e0 -6.63595049e-1 -6.63595049e-1
7.0e-1 1.2566318e0 -5.82755803e-1 -5.82755803e-1
8.0e-1 1.2566318e0 -5.01602809e-1 -5.01602809e-1
9.0e-1 1.2566318e0 -4.23122177e-1 -4.23122177e-1
1.0e0 1.2566318e0 -3.49862772e-1 -3.49862772e-1
1.1e0 1.2566318e0 -2.83660197e-1 -2.83660197e-1
1.2e0 1.2566318e0 -2.25351357e-1 -2.25351357e-1
1.3e0 1.2566318e0 -1.75506708e-1 -1.75506708e-1
1.4e0 1.2566318e0 -1.33926862e-1 -1.33926862e-1
1.5e0 1.2566318e0 -1.00259756e-1 -1.00259756e-1
1.6e0 1.2566318e0 -7.35190814e-2 -7.35190814e-2
1.7e0 1.2566318e0 -5.28542937e-2 -5.28542937e-2
1.8e0 1.2566318e0 -3.72454561e-2 -3.72454561e-2
1.9e0 1.2566318e0 -2.57265863e-2 -2.57265863e-2
2.0e0 1.2566318e0 -1.74183081e-2 -1.74183081e-2

-2.0e0 1.4137106e0 -1.80889972e-2 -1.80889972e-2
-1.9e0 1.4137106e0 -2.67171843e-2 -2.67171843e-2
-1.8e0 1.4137106e0 -3.86795865e-2 -3.86795865e-2
-1.7e0 1.4137106e0 -5.48894397e-2 -5.48894397e-2
-1.6e0 1.4137106e0 -7.63499219e-2 -7.63499219e-2
-1.5e0 1.4137106e0 -1.04120242e-1 -1.04120242e-1
-1.4e0 1.4137106e0 -1.39083693e-1 -1.39083693e-1
-1.3e0 1.4137106e0 -1.82264566e-1 -1.82264566e-1
-1.2e0 1.4137106e0 -2.34028474e-1 -2.34028474e-1
-1.1e0 1.4137106e0 -2.94582487e-1 -2.94582487e-1
-1.0e0 1.4137106e0 -3.63334181e-1 -3.63334181e-1
-9.0e-1 1.4137106e0 -4.39414429e-1 -4.39414429e-1
-8.0e-1 1.4137106e0 -5.20916945e-1 -5.20916945e-1
-7.0e-1 1.4137106e0 -6.0519472e-1 -6.0519472e-1
-6.0e-1 1.4137106e0 -6.89146669e-1 -6.89146669e-1
-5.0e-1 1.4137106e0 -7.69375113e-1 -7.69375113e-1
-4.0e-1 1.4137106e0 -8.41791083e-1 -8.41791083e-1
-3.0e-1 1.4137106e0 -9.02838963e-1 -9.02838963e-1
-2.0e-1 1.4137106e0 -9.49180452e-1 -9.49180452e-1
-1.0e-1 1.4137106e0 -9.78020396e-1 -9.78020396e-1
0.0e0 1.4137106e0 -9.8766998e-1 -9.8766998e-1
1.0e-1 1.4137106e0 -9.78020396e-1 -9.78020396e-1
2.0e-1 1.4137106e0 -9.49180452e-1 -9.49180452e-1
3.0e-1 1.4137106e0 -9.02838963e-1 -9.02838963e-1
4.0e-1 1.4137106e0 -8.41791083e-1 -8.41791083e-1
5.0e-1 1.4137106e0 -7.69375113e-1 -7.69375113e-1
6.0e-1 1.4137106e0 -6.89146669e-1 -6.89146669e-1
7.0e-1 1.4137106e0 -6.0519472e-1 -6.0519472e-1
8.0e-1 1.4137106e0 -5.20916945e-1 -5.20916945e-1
9.0e-1 1.4137106e0 -4.39414429e-1 -4.39414429e-1
1.0e0 1.4137106e0 -3.63334181e-1 -3.63334181e-1
1.1e0 1.4137106e0 -2.94582487e-1 -2.94582487e-1
1.2e0 1.4137106e0 -2.34028474e-1 -2.34028474e-1
1.3e0 1.4137106e0 -1.82264566e-1 -1.82264566e-1
1.4e0 1.4137106e0 -1.39083693e-1 -1.39083693e-1
1.5e0 1.4137106e0 -1.04120242e-1 -1.04120242e-1
1.6e0 1.4137106e0 -7.63499219e-2 -7.63499219e-2
1.7e0 1.4137106e0 -5.48894397e-2 -5.48894397e-2
1.8e0 1.4137106e0 -3.86795865e-2 -3.86795865e-2
1.9e0 1.4137106e0 -2.67171843e-2 -2.67171843e-2
2.0e0 1.4137106e0 -1.80889972e-2 -1.80889972e-2

-2.0e0 1.5707895e0 -1.83144531e-2 -1.83144531e-2
-1.9e0 1.5707895e0 -2.70501794e-2 -2.70501794e-2
-1.8e0 1.5707895e0 -3.91616774e-2 -3.91616774e-2
-1.7e0 1.5707895e0 -5.55735655e-2 -5.55735655e-2
-1.6e0 1.5707895e0 -7.73015248e-2 -7.73015248e-2
-1.5e0 1.5707895e0 -1.05417966e-1 -1.05417966e-1
-1.4e0 1.5707895e0 -1.40817192e-1 -1.40817192e-1
-1.3e0 1.5707895e0 -1.84536258e-1 -1.84536258e-1
-1.2e0 1.5707895e0 -2.36945335e-1 -2.36945335e-1
-1.1e0 1.5707895e0 -2.98254077e-1 -2.98254077e-1
-1.0e0 1.5707895e0 -3.67862671e-1 -3.67862671e-1
-9.0e-1 1.5707895e0 -4.4489116e-1 -4.4489116e-1
-8.0e-1 1.5707895e0 -5.274095e-1 -5.274095e-1
-7.0e-1 1.5707895e0 -6.12737689e-1 -6.12737689e-1
-6.0e-1 1.5707895e0 -6.97735991e-1 -6.97735991e-1
-5.0e-1 1.5707895e0 -7.78964378e-1 -7.78964378e-1
-4.0e-1 1.5707895e0 -8.5228292e-1 -8.5228292e-1
-3.0e-1 1.5707895e0 -9.14091682e-1 -9.14091682e-1
-2.0e-1 1.5707895e0 -9.61010757e-1 -9.61010757e-1
-1.0e-1 1.5707895e0 -9.90210155e-1 -9.90210155e-1
0.0e0 1.5707895e0 -9.9998001e-1 -9.9998001e-1
1.0e-1 1.5707895e0 -9.90210155e-1 -9.90210155e-1
2.0e-1 1.5707895e0 -9.61010757e-1 -9.61010757e-1
3.0e-1 1.5707895e0 -9.14091682e-1 -9.14091682e-1
4.0e-1 1.5707895e0 -8.5228292e-1 -8.5228292e-1
5.0e-1 1.5707895e0 -7.78964378e-1 -7.78964378e-1
6.0e-1 1.5707895e0 -6.97735991e-1 -6.97735991e-1
7.0e-1 1.5707895e0 -6.12737689e-1 -6.12737689e-1
8.0e-1 1.5707895e0 -5.274095e-1 -5.274095e-1
9.0e-1 1.5707895e0 -4.4489116e-1 -4.4489116e-1
1.0e0 1.5707895e0 -3.67862671e-1 -3.67862671e-1
1.1e0 1.5707895e0 -2.98254077e-1 -2.98254077e-1
1.2e0 1.5707895e0 -2.36945335e-1 -2.36945335e-1
1.3e0 1.5707895e0 -1.84536258e-1 -1.84536258e-1
1.4e0 1.5707895e0 -1.40817192e-1 -1.40817192e-1
1.5e0 1.5707895e0 -1.05417966e-1 -1.05417966e-1
1.6e0 1.5707895e0 -7.73015248e-2 -7.73015248e-2
1.7e0 1.5707895e0 -5.55735655e-2 -5.55735655e-2
1.8e0 1.5707895e0 -3.91616774e-2 -3.91616774e-2
1.9e0 1.5707895e0 -2.70501794e-2 -2.70501794e-2
2.0e0 1.5707895e0 -1.83144531e-2 -1.83144531e-2

-2.0e0 1.7278683e0 -1.80889972e-2 -1.80889972e-2
-1.9e0 1.7278683e0 -2.67171843e-2 -2.67171843e-2
-1.8e0 1.7278683e0 -3.86795865e-2 -3.86795865e-2
-1.7e0 1.7278683e0 -5.48894397e-2 -5.48894397e-2
-1.6e0 1.7278683e0 -7.63499219e-2 -7.63499219e-2
-1.5e0 1.7278683e0 -1.04120242e-1 -1.04120242e-1
-1.4e0 1.7278683e0 -1.39083693e-1 -1.39083693e-1
-1.3e0 1.7278683e0 -1.82264566e-1 -1.82264566e-1
-1.2e0 1.7278683e0 -2.34028474e-1 -2.34028474e-1
-1.1e0 1.7278683e0 -2.94582487e-1 -2.94582487e-1
-1.0e0 1.7278683e0 -3.63334181e-1 -3.63334181e-1
-9.0e-1 1.7278683e0 -4.39414429e-1 -4.39414429e-1
-8.0e-1 1.7278683e0 -5.20916945e-1 -5.20916945e-1
-7.0e-1 1.7278683e0 -6.0519472e-1 -6.0519472e-1
-6.0e-1 1.7278683e0 -6.89146669e-1 -6.89146669e-1
-5.0e-1 1.7278683e0 -7.69375113e-1 -7.69375113e-1
-4.0e-1 1.7278683e0 -8.41791083e-1 -8.41791083e-1
-3.0e-1 1.7278683e0 -9.02838963e-1 -9.02838963e-1
-2.0e-1 1.7278683e0 -9.49180452e-1 -9.49180452e-1
-1.0e-1 1.7278683e0 -9.78020396e-1 -9.78020396e-1
0.0e0 1.7278683e0 -9.8766998e-1 -9.8766998e-1
1.0e-1 1.7278683e0 -9.78020396e-1 -9.78020396e-1
2.0e-1 1.7278683e0 -9.49180452e-1 -9.49180452e-1
3.0e-1 1.7278683e0 -9.02838963e-1 -9.02838963e-1
4.0e-1 1.7278683e0 -8.41791083e-1 -8.41791083e-1
5.0e-1 1.7278683e0 -7.69375113e-1 -7.69375113e-1
6.0e-1 1.7278683e0 -6.89146669e-1 -6.89146669e-1
7.0e-1 1.7278683e0 -6.0519472e-1 -6.0519472e-1
8.0e-1 1.7278683e0 -5.20916945e-1 -5.20916945e-1
9.0e-1 1.7278683e0 -4.39414429e-1 -4.39414429e-1
1.0e0 1.7278683e0 -3.63334181e-1 -3.63334181e-1
1.1e0 1.7278683e0 -2.94582487e-1 -2.94582487e-1
1.2e0 1.7278683e0 -2.34028474e-1 -2.34028474e-1
1.3e0 1.7278683e0 -1.82264566e-1 -1.82264566e-1
1.4e0 1.7278683e0 -1.39083693e-1 -1.39083693e-1
1.5e0 1.7278683e0 -1.04120242e-1 -1.04120242e-1
1.6e0 1.7278683e0 -7.63499219e-2 -7.63499219e-2
1.7e0 1.7278683e0 -5.48894397e-2 -5.48894397e-2
1.8e0 1.7278683e0 -3.86795865e-2 -3.86795865e-2
1.9e0 1.7278683e0 -2.67171843e-2 -2.67171843e-2
2.0e0 1.7278683e0 -1.80889972e-2 -1.80889972e-2

-2.0e0 1.8849472e0 -1.74183081e-2 -1.74183081e-2
-1.9e0 1.8849472e0 -2.57265863e-2 -2.57265863e-2
-1.8e0 1.8849472e0 -3.72454561e-2 -3.72454561e-2
-1.7e0 1.8849472e0 -5.28542937e-2 -5.28542937e-2
-1.6e0 1.8849472e0 -7.35190814e-2 -7.35190814e-2
-1.5e0 1.8849472e0 -1.00259756e-1 -1.00259756e-1
-1.4e0 1.8849472e0 -1.33926862e-1 -1.33926862e-1
-1.3e0 1.8849472e0 -1.75506708e-1 -1.75506708e-1
-1.2e0 1.8849472e0 -2.25351357e-1 -2.25351357e-1
-1.1e0 1.8849472e0 -2.83660197e-1 -2.83660197e-1
-1.0e0 1.8849472e0 -3.49862772e-1 -3.49862772e-1
-9.0e-1 1.8849472e0 -4.23122177e-1 -4.23122177e-1
-8.0e-1 1.8849472e0 -5.01602809e-1 -5.01602809e-1
-7.0e-1 1.8849472e0 -5.82755803e-1 -5.82755803e-1
-6.0e-1 1.8849472e0 -6.63595049e-1 -6.63595049e-1
-5.0e-1 1.8849472e0 -7.40848848e-1 -7.40848848e-1
-4.0e-1 1.8849472e0 -8.10579837e-1 -8.10579837e-1
-3.0e-1 1.8849472e0 -8.69364233e-1 -8.69364233e-1
-2.0e-1 1.8849472e0 -9.13987509e-1 -9.13987509e-1
-1.0e-1 1.8849472e0 -9.41758151e-1 -9.41758151e-1
0.0e0 1.8849472e0 -9.5104996e-1 -9.5104996e-1
1.0e-1 1.8849472e0 -9.41758151e-1 -9.41758151e-1
2.0e-1 1.8849472e0 -9.13987509e-1 -9.13987509e-1
3.0e-1 1.8849472e0 -8.69364233e-1 -8.69364233e-1
4.0e-1 1.8849472e0 -8.10579837e-1 -8.10579837e-1
5.0e-1 1.8849472e0 -7.40848848e-1 -7.40848848e-1
6.0e-1 1.8849472e0 -6.63595049e-1 -6.63595049e-1
7.0e-1 1.8849472e0 -5.82755803e-1 -5.82755803e-1
8.0e-1 1.8849472e0 -5.01602809e-1 -5.01602809e-1
9.0e-1 1.8849472e0 -4.23122177e-1 -4.23122177e-1
1.0e0 1.8849472e0 -3.49862772e-1 -3.49862772e-1
1.1e0 1.8849472e0 -2.83660197e-1 -2.83660197e-1
1.2e0 1.8849472e0 -2.25351357e-1 -2.25351357e-1
1.3e0 1.8849472e0 -1.75506708e-1 -1.75506708e-1
1.4e0 1.8849472e0 -1.33926862e-1 -1.33926862e-1
1.5e0 1.8849472e0 -1.00259756e-1 -1.00259756e-1
1.6e0 1.8849472e0 -7.35190814e-2 -7.35190814e-2
1.7e0 1.8849472e0 -5.28542937e-2 -5.28542937e-2
1.8e0 1.8849472e0 -3.72454561e-2 -3.72454561e-2
1.9e0 1.8849472e0 -2.57265863e-2 -2.57265863e-2
2.0e0 1.8849472e0 -1.74183081e-2 -1.74183081e-2

-2.0e0 2.042026e0 -1.63183206e-2 -1.63183206e-2
-1.9e0 2.042026e0 -2.4101921e-2 -2.4101921e-2
-1.8e0 2.042026e0 -3.48933601e-2 -3.48933601e-2
-1.7e0 2.042026e0 -4.95164804e-2 -4.95164804e-2
-1.6e0 2.042026e0 -6.88762616e-2 -6.88762616e-2
-1.5e0 2.042026e0 -9.392823e-2 -9.392823e-2
-1.4e0 2.042026e0 -1.25469217e-1 -1.25469217e-1
-1.3e0 2.042026e0 -1.64423245e-1 -1.64423245e-1
-1.2e0 2.042026e0 -2.11120143e-1 -2.11120143e-1
-1.1e0 2.042026e0 -2.6574671e-1 -2.6574671e-1
-1.0e0 2.042026e0 -3.2776851e-1 -3.2776851e-1
-9.0e-1 2.042026e0 -3.96401495e-1 -3.96401495e-1
-8.0e-1 2.042026e0 -4.6992598e-1 -4.6992598e-1
-7.0e-1 2.042026e0 -5.45954062e-1 -5.45954062e-1
-6.0e-1 2.042026e0 -6.21688211e-1 -6.21688211e-1
-5.0e-1 2.042026e0 -6.94063338e-1 -6.94063338e-1
-4.0e-1 2.042026e0 -7.5939073e-1 -7.5939073e-1
-3.0e-1 2.042026e0 -8.14462819e-1 -8.14462819e-1
-2.0e-1 2.042026e0 -8.56268082e-1 -8.56268082e-1
-1.0e-1 2.042026e0 -8.82284973e-1 -8.82284973e-1
0.0e0 2.042026e0 -8.9098999e-1 -8.9098999e-1
1.0e-1 2.042026e0 -8.82284973e-1 -8.82284973e-1
2.0e-1 2.042026e0 -8.56268082e-1 -8.56268082e-1
3.0e-1 2.042026e0 -8.14462819e-1 -8.14462819e-1
4.0e-1 2.042026e0 -7.5939073e-1 -7.5939073e-1
5.0e-1 2.042026e0 -6.94063338e-1 -6.94063338e-1
6.0e-1 2.042026e0 -6.21688211e-1 -6.21688211e-1
7.0e-1 2.042026e0 -5.45954062e-1 -5.45954062e-1
8.0e-1 2.042026e0 -4.6992598e-1 -4.6992598e-1
9.0e-1 2.042026e0 -3.96401495e-1 -3.96401495e-1
1.0e0 2.042026e0 -3.2776851e-1 -3.2776851e-1
1.1e0 2.042026e0 -2.6574671e-1 -2.6574671e-1
1.2e0 2.042026e0 -2.11120143e-1 -2.11120143e-1
1.3e0 2.042026e0 -1.64423245e-1 -1.64423245e-1
1.4e0 2.042026e0 -1.25469217e-1 -1.25469217e-1
1.5e0 2.042026e0 -9.392823e-2 -9.392823e-2
1.6e0 2.042026e0 -6.88762616e-2 -6.88762616e-2
1.7e0 2.042026e0 -4.95164804e-2 -4.95164804e-2
1.8e0 2.042026e0 -3.48933601e-2 -3.48933601e-2
1.9e0 2.042026e0 -2.4101921e-2 -2.4101921e-2
2.0e0 2.042026e0 -1.63183206e-2 -1.63183206e-2

-2.0e0 2.1991049e0 -1.48166876e-2 -1.48166876e-2
-1.9e0 2.1991049e0 -2.18840309e-2 -2.18840309e-2
-1.8e0 2.1991049e0 -3.1682428e-2 -3.1682428e-2
-1.7e0 2.1991049e0 -4.49599098e-2 -4.49599098e-2
-1.6e0 2.1991049e0 -6.25381789e-2 -6.25381789e-2
-1.5e0 2.1991049e0 -8.5284833e-2 -8.5284833e-2
-1.4e0 2.1991049e0 -1.13923376e-1 -1.13923376e-1
-1.3e0 2.1991049e0 -1.49292805e-1 -1.49292805e-1
-1.2e0 2.1991049e0 -1.91692593e-1 -1.91692593e-1
-1.1e0 2.1991049e0 -2.41292354e-1 -2.41292354e-1
-1.0e0 2.1991049e0 -2.97606827e-1 -2.97606827e-1
-9.0e-1 2.1991049e0 -3.59924117e-1 -3.59924117e-1
-8.0e-1 2.1991049e0 -4.26682782e-1 -4.26682782e-1
-7.0e-1 2.1991049e0 -4.95714662e-1 -4.95714662e-1
-6.0e-1 2.1991049e0 -5.64479657e-1 -5.64479657e-1
-5.0e-1 2.1991049e0 -6.30194731e-1 -6.30194731e-1
-4.0e-1 2.1991049e0 -6.89510612e-1 -6.89510612e-1
-3.0e-1 2.1991049e0 -7.39514897e-1 -7.39514897e-1
-2.0e-1 2.1991049e0 -7.77473184e-1 -7.77473184e-1
-1.0e-1 2.1991049e0 -8.01095969e-1 -8.01095969e-1
0.0e0 2.1991049e0 -8.0899994e-1 -8.0899994e-1
1.0e-1 2.1991049e0 -8.01095969e-1 -8.01095969e-1
2.0e-1 2.1991049e0 -7.77473184e-1 -7.77473184e-1
3.0e-1 2.1991049e0 -7.39514897e-1 -7.39514897e-1
4.0e-1 2.1991049e0 -6.89510612e-1 -6.89510612e-1
5.0e-1 2.1991049e0 -6.30194731e-1 -6.30194731e-1
6.0e-1 2.1991049e0 -5.64479657e-1 -5.64479657e-1
7.0e-1 2.1991049e0 -4.95714662e-1 -4.95714662e-1
8.0e-1 2.1991049e0 -4.26682782e-1 -4.26682782e-1
9.0e-1 2.1991049e0 -3.59924117e-1 -3.59924117e-1
1.0e0 2.1991049e0 -2.97606827e-1 -2.97606827e-1
1.1e0 2.1991049e0 -2.41292354e-1 -2.41292354e-1
1.2e0 2.1991049e0 -1.91692593e-1 -1.91692593e-1
1.3e0 2.1991049e0 -1.49292805e-1 -1.49292805e-1
1.4e0 2.1991049e0 -1.13923376e-1 -1.13923376e-1
1.5e0 2.1991049e0 -8.5284833e-2 -8.5284833e-2
1.6e0 2.1991049e0 -6.25381789e-2 -6.25381789e-2
1.7e0 2.1991049e0 -4.49599098e-2 -4.49599098e-2
1.8e0 2.1991049e0 -3.1682428e-2 -3.1682428e-2
1.9e0 2.1991049e0 -2.18840309e-2 -2.18840309e-2
2.0e0 2.1991049e0 -1.48166876e-2 -1.48166876e-2

-2.0e0 2.3561838e0 -1.29504099e-2 -1.29504099e-2
-1.9e0 2.3561838e0 -1.9127566e-2 -1.9127566e-2
-1.8e0 2.3561838e0 -2.76917783e-2 -2.76917783e-2
-1.7e0 2.3561838e0 -3.92968575e-2 -3.92968575e-2
-1.6e0 2.3561838e0 -5.4661006e-2 -5.4661006e-2
-1.5e0 2.3561838e0 -7.4542542e-2 -7.4542542e-2
-1.4e0 2.3561838e0 -9.9573836e-2 -9.9573836e-2
-1.3e0 2.3561838e0 -1.30488208e-1 -1.30488208e-1
-1.2e0 2.3561838e0 -1.67547412e-1 -1.67547412e-1
-1.1e0 2.3561838e0 -2.10899693e-1 -2.10899693e-1
-1.0e0 2.3561838e0 -2.6012092e-1 -2.6012092e-1
-9.0e-1 2.3561838e0 -3.14588858e-1 -3.14588858e-1
-8.0e-1 2.3561838e0 -3.72938748e-1 -3.72938748e-1
-7.0e-1 2.3561838e0 -4.33275522e-1 -4.33275522e-1
-6.0e-1 2.3561838e0 -4.93379028e-1 -4.93379028e-1
-5.0e-1 2.3561838e0 -5.50816774e-1 -5.50816774e-1
-4.0e-1 2.3561838e0 -6.02661356e-1 -6.02661356e-1
-3.0e-1 2.3561838e0 -6.4636721e-1 -6.4636721e-1
-2.0e-1 2.3561838e0 -6.79544354e-1 -6.79544354e-1
-1.0e-1 2.3561838e0 -7.00191663e-1 -7.00191663e-1
0.0e0 2.3561838e0 -7.0710007e-1 -7.0710007e-1
1.0e-1 2.3561838e0 -7.00191663e-1 -7.00191663e-1
2.0e-1 2.3561838e0 -6.79544354e-1 -6.79544354e-1
3.0e-1 2.3561838e0 -6.4636721e-1 -6.4636721e-1
4.0e-1 2.3561838e0 -6.02661356e-1 -6.02661356e-1
5.0e-1 2.3561838e0 -5.50816774e-1 -5.50816774e-1
6.0e-1 2.3561838e0 -4.93379028e-1 -4.93379028e-1
7.0e-1 2.3561838e0 -4.33275522e-1 -4.33275522e-1
8.0e-1 2.3561838e0 -3.72938748e-1 -3.72938748e-1
9.0e-1 2.3561838e0 -3.14588858e-1 -3.14588858e-1
1.0e0 2.3561838e0 -2.6012092e-1 -2.6012092e-1
1.1e0 2.3561838e0 -2.10899693e-1 -2.10899693e-1
1.2e0 2.3561838e0 -1.67547412e-1 -1.67547412e-1
1.3e0 2.3561838e0 -1.30488208e-1 -1.30488208e-1
1.4e0 2.3561838e0 -9.9573836e-2 -9.9573836e-2
1.5e0 2.3561838e0 -7.4542542e-2 -7.4542542e-2
1.6e0 2.3561838e0 -5.4661006e-2 -5.4661006e-2
1.7e0 2.3561838e0 -3.92968575e-2 -3.92968575e-2
1.8e0 2.3561838e0 -2.76917783e-2 -2.76917783e-2
1.9e0 2.3561838e0 -1.9127566e-2 -1.9127566e-2
2.0e0 2.3561838e0 -1.29504099e-2 -1.29504099e-2

-2.0e0 2.5132626e0 -1.07648999e-2 -1.07648999e-2
-1.9e0 2.5132626e0 -1.58995998e-2 -1.58995998e-2
-1.8e0 2.5132626e0 -2.30185164e-2 -2.30185164e-2
-1.7e0 2.5132626e0 -3.26651236e-2 -3.26651236e-2
-1.6e0 2.5132626e0 -4.54364198e-2 -4.54364198e-2
-1.5e0 2.5132626e0 -6.1962749e-2 -6.1962749e-2
-1.4e0 2.5132626e0 -8.2769765e-2 -8.2769765e-2
-1.3e0 2.5132626e0 -1.0846703e-1 -1.0846703e-1
-1.2e0 2.5132626e0 -1.39272127e-1 -1.39272127e-1
-1.1e0 2.5132626e0 -1.75308281e-1 -1.75308281e-1
-1.0e0 2.5132626e0 -2.16222937e-1 -2.16222937e-1
-9.0e-1 2.5132626e0 -2.61498872e-1 -2.61498872e-1
-8.0e-1 2.5132626e0 -3.1000164e-1 -3.1000164e-1
-7.0e-1 2.5132626e0 -3.60155986e-1 -3.60155986e-1
-6.0e-1 2.5132626e0 -4.1011643e-1 -4.1011643e-1
-5.0e-1 2.5132626e0 -4.57860988e-1 -4.57860988e-1
-4.0e-1 2.5132626e0 -5.00956284e-1 -5.00956284e-1
-3.0e-1 2.5132626e0 -5.37286342e-1 -5.37286342e-1
-2.0e-1 2.5132626e0 -5.64864514e-1 -5.64864514e-1
-1.0e-1 2.5132626e0 -5.82027385e-1 -5.82027385e-1
0.0e0 2.5132626e0 -5.8776993e-1 -5.8776993e-1
1.0e-1 2.5132626e0 -5.82027385e-1 -5.82027385e-1
2.0e-1 2.5132626e0 -5.64864514e-1 -5.64864514e-1
3.0e-1 2.5132626e0 -5.37286342e-1 -5.37286342e-1
4.0e-1 2.5132626e0 -5.00956284e-1 -5.00956284e-1
5.0e-1 2.5132626e0 -4.57860988e-1 -4.57860988e-1
6.0e-1 2.5132626e0 -4.1011643e-1 -4.1011643e-1
7.0e-1 2.5132626e0 -3.60155986e-1 -3.60155986e-1
8.0e-1 2.5132626e0 -3.1000164e-1 -3.1000164e-1
9.0e-1 2.5132626e0 -2.61498872e-1 -2.61498872e-1
1.0e0 2.5132626e0 -2.16222937e-1 -2.16222937e-1
1.1e0 2.5132626e0 -1.75308281e-1 -1.75308281e-1
1.2e0 2.5132626e0 -1.39272127e-1 -1.39272127e-1
1.3e0 2.5132626e0 -1.0846703e-1 -1.0846703e-1
1.4e0 2.5132626e0 -8.2769765e-2 -8.2769765e-2
1.5e0 2.5132626e0 -6.1962749e-2 -6.1962749e-2
1.6e0 2.5132626e0 -4.54364198e-2 -4.54364198e-2
1.7e0 2.5132626e0 -3.26651236e-2 -3.26651236e-2
1.8e0 2.5132626e0 -2.30185164e-2 -2.30185164e-2
1.9e0 2.5132626e0 -1.58995998e-2 -1.58995998e-2
2.0e0 2.5132626e0 -1.07648999e-2 -1.07648999e-2

-2.0e0 2.6703415e0 -8.3149268e-3 -8.3149268e-3
-1.9e0 2.6703415e0 -1.22810252e-2 -1.22810252e-2
-1.8e0 2.6703415e0 -1.77797545e-2 -1.77797545e-2
-1.7e0 2.6703415e0 -2.52308997e-2 -2.52308997e-2
-1.6e0 2.6703415e0 -3.5095589e-2 -3.5095589e-2
-1.5e0 2.6703415e0 -4.7860707e-2 -4.7860707e-2
-1.4e0 2.6703415e0 -6.3932274e-2 -6.3932274e-2
-1.3e0 2.6703415e0 -8.3781125e-2 -8.3781125e-2
-1.2e0 2.6703415e0 -1.07575317e-1 -1.07575317e-1
-1.1e0 2.6703415e0 -1.35410039e-1 -1.35410039e-1
-1.0e0 2.6703415e0 -1.67012968e-1 -1.67012968e-1
-9.0e-1 2.6703415e0 -2.01984598e-1 -2.01984598e-1
-8.0e-1 2.6703415e0 -2.39448666e-1 -2.39448666e-1
-7.0e-1 2.6703415e0 -2.78188434e-1 -2.78188434e-1
-6.0e-1 2.6703415e0 -3.16778429e-1 -3.16778429e-1
-5.0e-1 2.6703415e0 -3.5365685e-1 -3.5365685e-1
-4.0e-1 2.6703415e0 -3.86944128e-1 -3.86944128e-1
-3.0e-1 2.6703415e0 -4.15005862e-1 -4.15005862e-1
-2.0e-1 2.6703415e0 -4.36307545e-1 -4.36307545e-1
-1.0e-1 2.6703415e0 -4.49564336e-1 -4.49564336e-1
0.0e0 2.6703415e0 -4.5399994e-1 -4.5399994e-1
1.0e-1 2.6703415e0 -4.49564336e-1 -4.49564336e-1
2.0e-1 2.6703415e0 -4.36307545e-1 -4.36307545e-1
3.0e-1 2.6703415e0 -4.15005862e-1 -4.15005862e-1
4.0e-1 2.6703415e0 -3.86944128e-1 -3.86944128e-1
5.0e-1 2.6703415e0 -3.5365685e-1 -3.5365685e-1
6.0e-1 2.6703415e0 -3.16778429e-1 -3.16778429e-1
7.0e-1 2.6703415e0 -2.78188434e-1 -2.78188434e-1
8.0e-1 2.6703415e0 -2.39448666e-1 -2.39448666e-1
9.0e-1 2.6703415e0 -2.01984598e-1 -2.01984598e-1
1.0e0 2.6703415e0 -1.67012968e-1 -1.67012968e-1
1.1e0 2.6703415e0 -1.35410039e-1 -1.35410039e-1
1.2e0 2.6703415e0 -1.07575317e-1 -1.07575317e-1
1.3e0 2.6703415e0 -8.3781125e-2 -8.3781125e-2
1.4e0 2.6703415e0 -6.3932274e-2 -6.3932274e-2
1.5e0 2.6703415e0 -4.7860707e-2 -4.7860707e-2
1.6e0 2.6703415e0 -3.5095589e-2 -3.5095589e-2
1.7e0 2.6703415e0 -2.52308997e-2 -2.52308997e-2
1.8e0 2.6703415e0 -1.77797545e-2 -1.77797545e-2
1.9e0 2.6703415e0 -1.22810252e-2 -1.22810252e-2
2.0e0 2.6703415e0 -8.3149268e-3 -8.3149268e-3

-2.0e0 2.8274203e0 -5.659644e-3 -5.659644e-3
-1.9e0 2.8274203e0 -8.3592116e-3 -8.3592116e-3
-1.8e0 2.8274203e0 -1.21019806e-2 -1.21019806e-2
-1.7e0 2.8274203e0 -1.71736824e-2 -1.71736824e-2
-1.6e0 2.8274203e0 -2.38881891e-2 -2.38881891e-2
-1.5e0 2.8274203e0 -3.2576903e-2 -3.2576903e-2
-1.4e0 2.8274203e0 -4.3516188e-2 -4.3516188e-2
-1.3e0 2.8274203e0 -5.702652e-2 -5.702652e-2
-1.2e0 2.8274203e0 -7.3222293e-2 -7.3222293e-2
-1.1e0 2.8274203e0 -9.2168295e-2 -9.2168295e-2
-1.0e0 2.8274203e0 -1.13679169e-1 -1.13679169e-1
-9.0e-1 2.8274203e0 -1.37482982e-1 -1.37482982e-1
-8.0e-1 2.8274203e0 -1.62983304e-1 -1.62983304e-1
-7.0e-1 2.8274203e0 -1.89351941e-1 -1.89351941e-1
-6.0e-1 2.8274203e0 -2.15618636e-1 -2.15618636e-1
-5.0e-1 2.8274203e0 -2.40720328e-1 -2.40720328e-1
-4.0e-1 2.8274203e0 -2.6337767e-1 -2.6337767e-1
-3.0e-1 2.8274203e0 -2.82478192e-1 -2.82478192e-1
-2.0e-1 2.8274203e0 -2.96977411e-1 -2.96977411e-1
-1.0e-1 2.8274203e0 -3.06000787e-1 -3.06000787e-1
0.0e0 2.8274203e0 -3.0901993e-1 -3.0901993e-1
1.0e-1 2.8274203e0 -3.06000787e-1 -3.06000787e-1
2.0e-1 2.8274203e0 -2.96977411e-1 -2.96977411e-1
3.0e-1 2.8274203e0 -2.82478192e-1 -2.82478192e-1
4.0e-1 2.8274203e0 -2.6337767e-1 -2.6337767e-1
5.0e-1 2.8274203e0 -2.40720328e-1 -2.40720328e-1
6.0e-1 2.8274203e0 -2.15618636e-1 -2.15618636e-1
7.0e-1 2.8274203e0 -1.89351941e-1 -1.89351941e-1
8.0e-1 2.8274203e0 -1.62983304e-1 -1.62983304e-1
9.0e-1 2.8274203e0 -1.37482982e-1 -1.37482982e-1
1.0e0 2.8274203e0 -1.13679169e-1 -1.13679169e-1
1.1e0 2.8274203e0 -9.2168295e-2 -9.2168295e-2
1.2e0 2.8274203e0 -7.3222293e-2 -7.3222293e-2
1.3e0 2.8274203e0 -5.702652e-2 -5.702652e-2
1.4e0 2.8274203e0 -4.3516188e-2 -4.3516188e-2
1.5e0 2.8274203e0 -3.2576903e-2 -3.2576903e-2
1.6e0 2.8274203e0 -2.38881891e-2 -2.38881891e-2
1.7e0 2.8274203e0 -1.71736824e-2 -1.71736824e-2
1.8e0 2.8274203e0 -1.21019806e-2 -1.21019806e-2
1.9e0 2.8274203e0 -8.3592116e-3 -8.3592116e-3
2.0e0 2.8274203e0 -5.659644e-3 -5.659644e-3

-2.0e0 2.9844992e0 -2.8649881e-3 -2.8649881e-3
-1.9e0 2.9844992e0 -4.2315456e-3 -4.2315456e-3
-1.8e0 2.9844992e0 -6.1261858e-3 -6.1261858e-3
-1.7e0 2.9844992e0 -8.6935495e-3 -8.6935495e-3
-1.6e0 2.9844992e0 -1.20925233e-2 -1.20925233e-2
-1.5e0 2.9844992e0 -1.6490868e-2 -1.6490868e-2
-1.4e0 2.9844992e0 -2.202848e-2 -2.202848e-2
-1.3e0 2.9844992e0 -2.8867593e-2 -2.8867593e-2
-1.2e0 2.9844992e0 -3.7066112e-2 -3.7066112e-2
-1.1e0 2.9844992e0 -4.6656833e-2 -4.6656833e-2
-1.0e0 2.9844992e0 -5.7545927e-2 -5.7545927e-2
-9.0e-1 2.9844992e0 -6.9595738e-2 -6.9595738e-2
-8.0e-1 2.9844992e0 -8.2504346e-2 -8.2504346e-2
-7.0e-1 2.9844992e0 -9.5852505e-2 -9.5852505e-2
-6.0e-1 2.9844992e0 -1.0914906e-1 -1.0914906e-1
-5.0e-1 2.9844992e0 -1.21855875e-1 -1.21855875e-1
-4.0e-1 2.9844992e0 -1.33325328e-1 -1.33325328e-1
-3.0e-1 2.9844992e0 -1.42994269e-1 -1.42994269e-1
-2.0e-1 2.9844992e0 -1.50333969e-1 -1.50333969e-1
-1.0e-1 2.9844992e0 -1.54901724e-1 -1.54901724e-1
0.0e0 2.9844992e0 -1.5643005e-1 -1.5643005e-1
1.0e-1 2.9844992e0 -1.54901724e-1 -1.54901724e-1
2.0e-1 2.9844992e0 -1.50333969e-1 -1.50333969e-1
3.0e-1 2.9844992e0 -1.42994269e-1 -1.42994269e-1
4.0e-1 2.9844992e0 -1.33325328e-1 -1.33325328e-1
5.0e-1 2.9844992e0 -1.21855875e-1 -1.21855875e-1
6.0e-1 2.9844992e0 -1.0914906e-1 -1.0914906e-1
7.0e-1 2.9844992e0 -9.5852505e-2 -9.5852505e-2
8.0e-1 2.9844992e0 -8.2504346e-2 -8.2504346e-2
9.0e-1 2.9844992e0 -6.9595738e-2 -6.9595738e-2
1.0e0 2.9844992e0 -5.7545927e-2 -5.7545927e-2
1.1e0 2.9844992e0 -4.6656833e-2 -4.6656833e-2
1.2e0 2.9844992e0 -3.7066112e-2 -3.7066112e-2
1.3e0 2.9844992e0 -2.8867593e-2 -2.8867593e-2
1.4e0 2.9844992e0 -2.202848e-2 -2.202848e-2
1.5e0 2.9844992e0 -1.6490868e-2 -1.6490868e-2
1.6e0 2.9844992e0 -1.20925233e-2 -1.20925233e-2
1.7e0 2.9844992e0 -8.6935495e-3 -8.6935495e-3
1.8e0 2.9844992e0 -6.1261858e-3 -6.1261858e-3
1.9e0 2.9844992e0 -4.2315456e-3 -4.2315456e-3
2.0e0 2.9844992e0 -2.8649881e-3 -2.8649881e-3

-2.0e0 3.141578e0 0.0e0 0.0e0
-1.9e0 3.141578e0 0.0e0 0.0e0
-1.8e0 3.141578e0 0.0e0 0.0e0
-1.7e0 3.141578e0 0.0e0 0.0e0
-1.6e0 3.141578e0 0.0e0 0.0e0
-1.5e0 3.141578e0 0.0e0 0.0e0
-1.4e0 3.141578e0 0.0e0 0.0e0
-1.3e0 3.141578e0 0.0e0 0.0e0
-1.2e0 3.141578e0 0.0e0 0.0e0
-1.1e0 3.141578e0 0.0e0 0.0e0
-1.0e0 3.141578e0 0.0e0 0.0e0
-9.0e-1 3.141578e0 0.0e0 0.0e0
-8.0e-1 3.141578e0 0.0e0 0.0e0
-7.0e-1 3.141578e0 0.0e0 0.0e0
-6.0e-1 3.141578e0 0.0e0 0.0e0
-5.0e-1 3.141578e0 0.0e0 0.0e0
-4.0e-1 3.141578e0 0.0e0 0.0e0
-3.0e-1 3.141578e0 0.0e0 0.0e0
-2.0e-1 3.141578e0 0.0e0 0.0e0
-1.0e-1 3.141578e0 0.0e0 0.0e0
0.0e0 3.141578e0 0.0e0 0.0e0
1.0e-1 3.141578e0 0.0e0 0.0e0
2.0e-1 3.141578e0 0.0e0 0.0e0
3.0e-1 3.141578e0 0.0e0 0.0e0
4.0e-1 3.141578e0 0.0e0 0.0e0
5.0e-1 3.141578e0 0.0e0 0.0e0
6.0e-1 3.141578e0 0.0e0 0.0e0
7.0e-1 3.141578e0 0.0e0 0.0e0
8.0e-1 3.141578e0 0.0e0 0.0e0
9.0e-1 3.141578e0 0.0e0 0.0e0
1.0e0 3.141578e0 0.0e0 0.0e0
1.1e0 3.141578e0 0.0e0 0.0e0
1.2e0 3.141578e0 0.0e0 0.0e0
1.3e0 3.141578e0 0.0e0 0.0e0
1.4e0 3.141578e0 0.0e0 0.0e0
1.5e0 3.141578e0 0.0e0 0.0e0
1.6e0 3.141578e0 0.0e0 0.0e0
1.7e0 3.141578e0 0.0e0 0.0e0
1.8e0 3.141578e0 0.0e0 0.0e0
1.9e0 3.141578e0 0.0e0 0.0e0
2.0e0 3.141578e0 0.0e0 0.0e0

-2.0e0 3.2986569e0 2.8644376e-3 2.8644376e-3
-1.9e0 3.2986569e0 4.2307324e-3 4.2307324e-3
-1.8e0 3.2986569e0 6.1250085e-3 6.1250085e-3
-1.7e0 3.2986569e0 8.691879e-3 8.691879e-3
-1.6e0 3.2986569e0 1.20901996e-2 1.20901996e-2
-1.5e0 3.2986569e0 1.6487698e-2 1.6487698e-2
-1.4e0 3.2986569e0 2.2024248e-2 2.2024248e-2
-1.3e0 3.2986569e0 2.8862045e-2 2.8862045e-2
-1.2e0 3.2986569e0 3.7058989e-2 3.7058989e-2
-1.1e0 3.2986569e0 4.6647868e-2 4.6647868e-2
-1.0e0 3.2986569e0 5.753487e-2 5.753487e-2
-9.0e-1 3.2986569e0 6.9582365e-2 6.9582365e-2
-8.0e-1 3.2986569e0 8.248849e-2 8.248849e-2
-7.0e-1 3.2986569e0 9.5834087e-2 9.5834087e-2
-6.0e-1 3.2986569e0 1.09128085e-1 1.09128085e-1
-5.0e-1 3.2986569e0 1.21832458e-1 1.21832458e-1
-4.0e-1 3.2986569e0 1.33299707e-1 1.33299707e-1
-3.0e-1 3.2986569e0 1.42966791e-1 1.42966791e-1
-2.0e-1 3.2986569e0 1.5030508e-1 1.5030508e-1
-1.0e-1 3.2986569e0 1.54871957e-1 1.54871957e-1
0.0e0 3.2986569e0 1.564e-1 1.564e-1
1.0e-1 3.2986569e0 1.54871957e-1 1.54871957e-1
2.0e-1 3.2986569e0 1.5030508e-1 1.5030508e-1
3.0e-1 3.2986569e0 1.42966791e-1 1.42966791e-1
4.0e-1 3.2986569e0 1.33299707e-1 1.33299707e-1
5.0e-1 3.2986569e0 1.21832458e-1 1.21832458e-1
6.0e-1 3.2986569e0 1.09128085e-1 1.09128085e-1
7.0e-1 3.2986569e0 9.5834087e-2 9.5834087e-2
8.0e-1 3.2986569e0 8.248849e-2 8.248849e-2
9.0e-1 3.2986569e0 6.9582365e-2 6.9582365e-2
1.0e0 3.2986569e0 5.753487e-2 5.753487e-2
1.1e0 3.2986569e0 4.6647868e-2 4.6647868e-2
1.2e0 3.2986569e0 3.7058989e-2 3.7058989e-2
1.3e0 3.2986569e0 2.8862045e-2 2.8862045e-2
1.4e0 3.2986569e0 2.2024248e-2 2.2024248e-2
1.5e0 3.2986569e0 1.6487698e-2 1.6487698e-2
1.6e0 3.2986569e0 1.20901996e-2 1.20901996e-2
1.7e0 3.2986569e0 8.691879e-3 8.691879e-3
1.8e0 3.2986569e0 6.1250085e-3 6.1250085e-3
1.9e0 3.2986569e0 4.2307324e-3 4.2307324e-3
2.0e0 3.2986569e0 2.8644376e-3 2.8644376e-3

-2.0e0 3.4557358e0 5.6590964e-3 5.6590964e-3
-1.9e0 3.4557358e0 8.3584026e-3 8.3584026e-3
-1.8e0 3.4557358e0 1.21008093e-2 1.21008093e-2
-1.7e0 3.4557358e0 1.71720204e-2 1.71720204e-2
-1.6e0 3.4557358e0 2.3885877e-2 2.3885877e-2
-1.5e0 3.4557358e0 3.257375e-2 3.257375e-2
-1.4e0 3.4557358e0 4.3511977e-2 4.3511977e-2
-1.3e0 3.4557358e0 5.7021002e-2 5.7021002e-2
-1.2e0 3.4557358e0 7.3215207e-2 7.3215207e-2
-1.1e0 3.4557358e0 9.2159375e-2 9.2159375e-2
-1.0e0 3.4557358e0 1.13668166e-1 1.13668166e-1
-9.0e-1 3.4557358e0 1.37469676e-1 1.37469676e-1
-8.0e-1 3.4557358e0 1.6296753e-1 1.6296753e-1
-7.0e-1 3.4557358e0 1.89333615e-1 1.89333615e-1
-6.0e-1 3.4557358e0 2.15597768e-1 2.15597768e-1
-5.0e-1 3.4557358e0 2.4069703e-1 2.4069703e-1
-4.0e-1 3.4557358e0 2.6335218e-1 2.6335218e-1
-3.0e-1 3.4557358e0 2.82450853e-1 2.82450853e-1
-2.0e-1 3.4557358e0 2.9694867e-1 2.9694867e-1
-1.0e-1 3.4557358e0 3.05971172e-1 3.05971172e-1
0.0e0 3.4557358e0 3.0899002e-1 3.0899002e-1
1.0e-1 3.4557358e0 3.05971172e-1 3.05971172e-1
2.0e-1 3.4557358e0 2.9694867e-1 2.9694867e-1
3.0e-1 3.4557358e0 2.82450853e-1 2.82450853e-1
4.0e-1 3.4557358e0 2.6335218e-1 2.6335218e-1
5.0e-1 3.4557358e0 2.4069703e-1 2.4069703e-1
6.0e-1 3.4557358e0 2.15597768e-1 2.15597768e-1
7.0e-1 3.4557358e0 1.89333615e-1 1.89333615e-1
8.0e-1 3.4557358e0 1.6296753e-1 1.6296753e-1
9.0e-1 3.4557358e0 1.37469676e-1 1.37469676e-1
1.0e0 3.4557358e0 1.13668166e-1 1.13668166e-1
1.1e0 3.4557358e0 9.2159375e-2 9.2159375e-2
1.2e0 3.4557358e0 7.3215207e-2 7.3215207e-2
1.3e0 3.4557358e0 5.7021002e-2 5.7021002e-2
1.4e0 3.4557358e0 4.3511977e-2 4.3511977e-2
1.5e0 3.4557358e0 3.257375e-2 3.257375e-2
1.6e0 3.4557358e0 2.3885877e-2 2.3885877e-2
1.7e0 3.4557358e0 1.71720204e-2 1.71720204e-2
1.8e0 3.4557358e0 1.21008093e-2 1.21008093e-2
1.9e0 3.4557358e0 8.3584026e-3 8.3584026e-3
2.0e0 3.4557358e0 5.6590964e-3 5.6590964e-3

-2.0e0 3.6128146e0 8.3141946e-3 8.3141946e-3
-1.9e0 3.6128146e0 1.22799438e-2 1.22799438e-2
-1.8e0 3.6128146e0 1.7778189e-2 1.7778189e-2
-1.7e0 3.6128146e0 2.5228678e-2 2.5228678e-2
-1.6e0 3.6128146e0 3.50924986e-2 3.50924986e-2
-1.5e0 3.6128146e0 4.7856493e-2 4.7856493e-2
-1.4e0 3.6128146e0 6.3926645e-2 6.3926645e-2
-1.3e0 3.6128146e0 8.3773747e-2 8.3773747e-2
-1.2e0 3.6128146e0 1.07565845e-1 1.07565845e-1
-1.1e0 3.6128146e0 1.35398116e-1 1.35398116e-1
-1.0e0 3.6128146e0 1.66998262e-1 1.66998262e-1
-9.0e-1 3.6128146e0 2.0196681e-1 2.0196681e-1
-8.0e-1 3.6128146e0 2.39427582e-1 2.39427582e-1
-7.0e-1 3.6128146e0 2.78163937e-1 2.78163937e-1
-6.0e-1 3.6128146e0 3.16750534e-1 3.16750534e-1
-5.0e-1 3.6128146e0 3.53625706e-1 3.53625706e-1
-4.0e-1 3.6128146e0 3.86910054e-1 3.86910054e-1
-3.0e-1 3.6128146e0 4.14969319e-1 4.14969319e-1
-2.0e-1 3.6128146e0 4.36269125e-1 4.36269125e-1
-1.0e-1 3.6128146e0 4.49524748e-1 4.49524748e-1
0.0e0 3.6128146e0 4.5395996e-1 4.5395996e-1
1.0e-1 3.6128146e0 4.49524748e-1 4.49524748e-1
2.0e-1 3.6128146e0 4.36269125e-1 4.36269125e-1
3.0e-1 3.6128146e0 4.14969319e-1 4.14969319e-1
4.0e-1 3.6128146e0 3.86910054e-1 3.86910054e-1
5.0e-1 3.6128146e0 3.53625706e-1 3.53625706e-1
6.0e-1 3.6128146e0 3.16750534e-1 3.16750534e-1
7.0e-1 3.6128146e0 2.78163937e-1 2.78163937e-1
8.0e-1 3.6128146e0 2.39427582e-1 2.39427582e-1
9.0e-1 3.6128146e0 2.0196681e-1 2.0196681e-1
1.0e0 3.6128146e0 1.66998262e-1 1.66998262e-1
1.1e0 3.6128146e0 1.35398116e-1 1.35398116e-1
1.2e0 3.6128146e0 1.07565845e-1 1.07565845e-1
1.3e0 3.6128146e0 8.3773747e-2 8.3773747e-2
1.4e0 3.6128146e0 6.3926645e-2 6.3926645e-2
1.5e0 3.6128146e0 4.7856493e-2 4.7856493e-2
1.6e0 3.6128146e0 3.50924986e-2 3.50924986e-2
1.7e0 3.6128146e0 2.5228678e-2 2.5228678e-2
1.8e0 3.6128146e0 1.7778189e-2 1.7778189e-2
1.9e0 3.6128146e0 1.22799438e-2 1.22799438e-2
2.0e0 3.6128146e0 8.3141946e-3 8.3141946e-3

-2.0e0 3.7698935e0 1.07645338e-2 1.07645338e-2
-1.9e0 3.7698935e0 1.58990591e-2 1.58990591e-2
-1.8e0 3.7698935e0 2.30177336e-2 2.30177336e-2
-1.7e0 3.7698935e0 3.26640126e-2 3.26640126e-2
-1.6e0 3.7698935e0 4.54348746e-2 4.54348746e-2
-1.5e0 3.7698935e0 6.1960641e-2 6.1960641e-2
-1.4e0 3.7698935e0 8.276695e-2 8.276695e-2
-1.3e0 3.7698935e0 1.08463342e-1 1.08463342e-1
-1.2e0 3.7698935e0 1.3926739e-1 1.3926739e-1
-1.1e0 3.7698935e0 1.7530232e-1 1.7530232e-1
-1.0e0 3.7698935e0 2.16215584e-1 2.16215584e-1
-9.0e-1 3.7698935e0 2.6148998e-1 2.6148998e-1
-8.0e-1 3.7698935e0 3.09991098e-1 3.09991098e-1
-7.0e-1 3.7698935e0 3.60143738e-1 3.60143738e-1
-6.0e-1 3.7698935e0 4.10102483e-1 4.10102483e-1
-5.0e-1 3.7698935e0 4.57845418e-1 4.57845418e-1
-4.0e-1 3.7698935e0 5.00939247e-1 5.00939247e-1
-3.0e-1 3.7698935e0 5.3726807e-1 5.3726807e-1
-2.0e-1 3.7698935e0 5.64845305e-1 5.64845305e-1
-1.0e-1 3.7698935e0 5.82007591e-1 5.82007591e-1
0.0e0 3.7698935e0 5.8774994e-1 5.8774994e-1
1.0e-1 3.7698935e0 5.82007591e-1 5.82007591e-1
2.0e-1 3.7698935e0 5.64845305e-1 5.64845305e-1
3.0e-1 3.7698935e0 5.3726807e-1 5.3726807e-1
4.0e-1 3.7698935e0 5.00939247e-1 5.00939247e-1
5.0e-1 3.7698935e0 4.57845418e-1 4.57845418e-1
6.0e-1 3.7698935e0 4.10102483e-1 4.10102483e-1
7.0e-1 3.7698935e0 3.60143738e-1 3.60143738e-1
8.0e-1 3.7698935e0 3.09991098e-1 3.09991098e-1
9.0e-1 3.7698935e0 2.6148998e-1 2.6148998e-1
1.0e0 3.7698935e0 2.16215584e-1 2.16215584e-1
1.1e0 3.7698935e0 1.7530232e-1 1.7530232e-1
1.2e0 3.7698935e0 1.3926739e-1 1.3926739e-1
1.3e0 3.7698935e0 1.08463342e-1 1.08463342e-1
1.4e0 3.7698935e0 8.276695e-2 8.276695e-2
1.5e0 3.7698935e0 6.1960641e-2 6.1960641e-2
1.6e0 3.7698935e0 4.54348746e-2 4.54348746e-2
1.7e0 3.7698935e0 3.26640126e-2 3.26640126e-2
1.8e0 3.7698935e0 2.30177336e-2 2.30177336e-2
1.9e0 3.7698935e0 1.58990591e-2 1.58990591e-2
2.0e0 3.7698935e0 1.07645338e-2 1.07645338e-2

-2.0e0 3.9269724e0 1.2950041e-2 1.2950041e-2
-1.9e0 3.9269724e0 1.91270212e-2 1.91270212e-2
-1.8e0 3.9269724e0 2.76909894e-2 2.76909894e-2
-1.7e0 3.9269724e0 3.9295738e-2 3.9295738e-2
-1.6e0 3.9269724e0 5.4659449e-2 5.4659449e-2
-1.5e0 3.9269724e0 7.4540417e-2 7.4540417e-2
-1.4e0 3.9269724e0 9.9570999e-2 9.9570999e-2
-1.3e0 3.9269724e0 1.30484491e-1 1.30484491e-1
-1.2e0 3.9269724e0 1.67542639e-1 1.67542639e-1
-1.1e0 3.9269724e0 2.10893686e-1 2.10893686e-1
-1.0e0 3.9269724e0 2.6011351e-1 2.6011351e-1
-9.0e-1 3.9269724e0 3.14579897e-1 3.14579897e-1
-8.0e-1 3.9269724e0 3.72928125e-1 3.72928125e-1
-7.0e-1 3.9269724e0 4.3326318e-1 4.3326318e-1
-6.0e-1 3.9269724e0 4.93364973e-1 4.93364973e-1
-5.0e-1 3.9269724e0 5.50801085e-1 5.50801085e-1
-4.0e-1 3.9269724e0 6.0264419e-1 6.0264419e-1
-3.0e-1 3.9269724e0 6.46348798e-1 6.46348798e-1
-2.0e-1 3.9269724e0 6.79524997e-1 6.79524997e-1
-1.0e-1 3.9269724e0 7.00171718e-1 7.00171718e-1
0.0e0 3.9269724e0 7.0707993e-1 7.0707993e-1
1.0e-1 3.9269724e0 7.00171718e-1 7.00171718e-1
2.0e-1 3.9269724e0 6.79524997e-1 6.79524997e-1
3.0e-1 3.9269724e0 6.46348798e-1 6.46348798e-1
4.0e-1 3.9269724e0 6.0264419e-1 6.0264419e-1
5.0e-1 3.9269724e0 5.50801085e-1 5.50801085e-1
6.0e-1 3.9269724e0 4.93364973e-1 4.93364973e-1
7.0e-1 3.9269724e0 4.3326318e-1 4.3326318e-1
8.0e-1 3.9269724e0 3.72928125e-1 3.72928125e-1
9.0e-1 3.9269724e0 3.14579897e-1 3.14579897e-1
1.0e0 3.9269724e0 2.6011351e-1 2.6011351e-1
1.1e0 3.9269724e0 2.10893686e-1 2.10893686e-1
1.2e0 3.9269724e0 1.67542639e-1 1.67542639e-1
1.3e0 3.9269724e0 1.30484491e-1 1.30484491e-1
1.4e0 3.9269724e0 9.9570999e-2 9.9570999e-2
1.5e0 3.9269724e0 7.4540417e-2 7.4540417e-2
1.6e0 3.9269724e0 5.4659449e-2 5.4659449e-2
1.7e0 3.9269724e0 3.9295738e-2 3.9295738e-2
1.8e0 3.9269724e0 2.76909894e-2 2.76909894e-2
1.9e0 3.9269724e0 1.91270212e-2 1.91270212e-2
2.0e0 3.9269724e0 1.2950041e-2 1.2950041e-2

-2.0e0 4.0840512e0 1.4816506e-2 1.4816506e-2
-1.9e0 4.0840512e0 2.18837627e-2 2.18837627e-2
-1.8e0 4.0840512e0 3.16820395e-2 3.16820395e-2
-1.7e0 4.0840512e0 4.49593587e-2 4.49593587e-2
-1.6e0 4.0840512e0 6.25374121e-2 6.25374121e-2
-1.5e0 4.0840512e0 8.5283788e-2 8.5283788e-2
-1.4e0 4.0840512e0 1.1392198e-1 1.1392198e-1
-1.3e0 4.0840512e0 1.49290976e-1 1.49290976e-1
-1.2e0 4.0840512e0 1.91690244e-1 1.91690244e-1
-1.1e0 4.0840512e0 2.41289395e-1 2.41289395e-1
-1.0e0 4.0840512e0 2.97603178e-1 2.97603178e-1
-9.0e-1 4.0840512e0 3.59919704e-1 3.59919704e-1
-8.0e-1 4.0840512e0 4.26677551e-1 4.26677551e-1
-7.0e-1 4.0840512e0 4.95708585e-1 4.95708585e-1
-6.0e-1 4.0840512e0 5.64472737e-1 5.64472737e-1
-5.0e-1 4.0840512e0 6.30187006e-1 6.30187006e-1
-4.0e-1 4.0840512e0 6.89502159e-1 6.89502159e-1
-3.0e-1 4.0840512e0 7.3950583e-1 7.3950583e-1
-2.0e-1 4.0840512e0 7.77463654e-1 7.77463654e-1
-1.0e-1 4.0840512e0 8.01086147e-1 8.01086147e-1
0.0e0 4.0840512e0 8.0899002e-1 8.0899002e-1
1.0e-1 4.0840512e0 8.01086147e-1 8.01086147e-1
2.0e-1 4.0840512e0 7.77463654e-1 7.77463654e-1
3.0e-1 4.0840512e0 7.3950583e-1 7.3950583e-1
4.0e-1 4.0840512e0 6.89502159e-1 6.89502159e-1
5.0e-1 4.0840512e0 6.30187006e-1 6.30187006e-1
6.0e-1 4.0840512e0 5.64472737e-1 5.64472737e-1
7.0e-1 4.0840512e0 4.95708585e-1 4.95708585e-1
8.0e-1 4.0840512e0 4.26677551e-1 4.26677551e-1
9.0e-1 4.0840512e0 3.59919704e-1 3.59919704e-1
1.0e0 4.0840512e0 2.97603178e-1 2.97603178e-1
1.1e0 4.0840512e0 2.41289395e-1 2.41289395e-1
1.2e0 4.0840512e0 1.91690244e-1 1.91690244e-1
1.3e0 4.0840512e0 1.49290976e-1 1.49290976e-1
1.4e0 4.0840512e0 1.1392198e-1 1.1392198e-1
1.5e0 4.0840512e0 8.5283788e-2 8.5283788e-2
1.6e0 4.0840512e0 6.25374121e-2 6.25374121e-2
1.7e0 4.0840512e0 4.49593587e-2 4.49593587e-2
1.8e0 4.0840512e0 3.16820395e-2 3.16820395e-2
1.9e0 4.0840512e0 2.18837627e-2 2.18837627e-2
2.0e0 4.0840512e0 1.4816506e-2 1.4816506e-2

-2.0e0 4.24113e0 1.63183206e-2 1.63183206e-2
-1.9e0 4.24113e0 2.4101921e-2 2.4101921e-2
-1.8e0 4.24113e0 3.48933601e-2 3.48933601e-2
-1.7e0 4.24113e0 4.95164804e-2 4.95164804e-2
-1.6e0 4.24113e0 6.88762616e-2 6.88762616e-2
-1.5e0 4.24113e0 9.392823e-2 9.392823e-2
-1.4e0 4.24113e0 1.25469217e-1 1.25469217e-1
-1.3e0 4.24113e0 1.64423245e-1 1.64423245e-1
-1.2e0 4.24113e0 2.11120143e-1 2.11120143e-1
-1.1e0 4.24113e0 2.6574671e-1 2.6574671e-1
-1.0e0 4.24113e0 3.2776851e-1 3.2776851e-1
-9.0e-1 4.24113e0 3.96401495e-1 3.96401495e-1
-8.0e-1 4.24113e0 4.6992598e-1 4.6992598e-1
-7.0e-1 4.24113e0 5.45954062e-1 5.45954062e-1
-6.0e-1 4.24113e0 6.21688211e-1 6.21688211e-1
-5.0e-1 4.24113e0 6.94063338e-1 6.94063338e-1
-4.0e-1 4.24113e0 7.5939073e-1 7.5939073e-1
-3.0e-1 4.24113e0 8.14462819e-1 8.14462819e-1
-2.0e-1 4.24113e0 8.56268082e-1 8.56268082e-1
-1.0e-1 4.24113e0 8.82284973e-1 8.82284973e-1
0.0e0 4.24113e0 8.9098999e-1 8.9098999e-1
1.0e-1 4.24113e0 8.82284973e-1 8.82284973e-1
2.0e-1 4.24113e0 8.56268082e-1 8.56268082e-1
3.0e-1 4.24113e0 8.14462819e-1 8.14462819e-1
4.0e-1 4.24113e0 7.5939073e-1 7.5939073e-1
5.0e-1 4.24113e0 6.94063338e-1 6.94063338e-1
6.0e-1 4.24113e0 6.21688211e-1 6.21688211e-1
7.0e-1 4.24113e0 5.45954062e-1 5.45954062e-1
8.0e-1 4.24113e0 4.6992598e-1 4.6992598e-1
9.0e-1 4.24113e0 3.96401495e-1 3.96401495e-1
1.0e0 4.24113e0 3.2776851e-1 3.2776851e-1
1.1e0 4.24113e0 2.6574671e-1 2.6574671e-1
1.2e0 4.24113e0 2.11120143e-1 2.11120143e-1
1.3e0 4.24113e0 1.64423245e-1 1.64423245e-1
1.4e0 4.24113e0 1.25469217e-1 1.25469217e-1
1.5e0 4.24113e0 9.392823e-2 9.392823e-2
1.6e0 4.24113e0 6.88762616e-2 6.88762616e-2
1.7e0 4.24113e0 4.95164804e-2 4.95164804e-2
1.8e0 4.24113e0 3.48933601e-2 3.48933601e-2
1.9e0 4.24113e0 2.4101921e-2 2.4101921e-2
2.0e0 4.24113e0 1.63183206e-2 1.63183206e-2

-2.0e0 4.3982089e0 1.7417942e-2 1.7417942e-2
-1.9e0 4.3982089e0 2.57260455e-2 2.57260455e-2
-1.8e0 4.3982089e0 3.72446733e-2 3.72446733e-2
-1.7e0 4.3982089e0 5.28531828e-2 5.28531828e-2
-1.6e0 4.3982089e0 7.35175362e-2 7.35175362e-2
-1.5e0 4.3982089e0 1.00257649e-1 1.00257649e-1
-1.4e0 4.3982089e0 1.33924046e-1 1.33924046e-1
-1.3e0 4.3982089e0 1.7550302e-1 1.7550302e-1
-1.2e0 4.3982089e0 2.2534662e-1 2.2534662e-1
-1.1e0 4.3982089e0 2.83654236e-1 2.83654236e-1
-1.0e0 4.3982089e0 3.49855418e-1 3.49855418e-1
-9.0e-1 4.3982089e0 4.23113284e-1 4.23113284e-1
-8.0e-1 4.3982089e0 5.01592267e-1 5.01592267e-1
-7.0e-1 4.3982089e0 5.82743555e-1 5.82743555e-1
-6.0e-1 4.3982089e0 6.63581102e-1 6.63581102e-1
-5.0e-1 4.3982089e0 7.40833276e-1 7.40833276e-1
-4.0e-1 4.3982089e0 8.105628e-1 8.105628e-1
-3.0e-1 4.3982089e0 8.69345961e-1 8.69345961e-1
-2.0e-1 4.3982089e0 9.139683e-1 9.139683e-1
-1.0e-1 4.3982089e0 9.41738358e-1 9.41738358e-1
0.0e0 4.3982089e0 9.5102997e-1 9.5102997e-1
1.0e-1 4.3982089e0 9.41738358e-1 9.41738358e-1
2.0e-1 4.3982089e0 9.139683e-1 9.139683e-1
3.0e-1 4.3982089e0 8.69345961e-1 8.69345961e-1
4.0e-1 4.3982089e0 8.105628e-1 8.105628e-1
5.0e-1 4.3982089e0 7.40833276e-1 7.40833276e-1
6.0e-1 4.3982089e0 6.63581102e-1 6.63581102e-1
7.0e-1 4.3982089e0 5.82743555e-1 5.82743555e-1
8.0e-1 4.3982089e0 5.01592267e-1 5.01592267e-1
9.0e-1 4.3982089e0 4.23113284e-1 4.23113284e-1
1.0e0 4.3982089e0 3.49855418e-1 3.49855418e-1
1.1e0 4.3982089e0 2.83654236e-1 2.83654236e-1
1.2e0 4.3982089e0 2.2534662e-1 2.2534662e-1
1.3e0 4.3982089e0 1.7550302e-1 1.7550302e-1
1.4e0 4.3982089e0 1.33924046e-1 1.33924046e-1
1.5e0 4.3982089e0 1.00257649e-1 1.00257649e-1
1.6e0 4.3982089e0 7.35175362e-2 7.35175362e-2
1.7e0 4.3982089e0 5.28531828e-2 5.28531828e-2
1.8e0 4.3982089e0 3.72446733e-2 3.72446733e-2
1.9e0 4.3982089e0 2.57260455e-2 2.57260455e-2
2.0e0 4.3982089e0 1.7417942e-2 1.7417942e-2

-2.0e0 4.5552878e0 1.80889972e-2 1.80889972e-2
-1.9e0 4.5552878e0 2.67171843e-2 2.67171843e-2
-1.8e0 4.5552878e0 3.86795865e-2 3.86795865e-2
-1.7e0 4.5552878e0 5.48894397e-2 5.48894397e-2
-1.6e0 4.5552878e0 7.63499219e-2 7.63499219e-2
-1.5e0 4.5552878e0 1.04120242e-1 1.04120242e-1
-1.4e0 4.5552878e0 1.39083693e-1 1.39083693e-1
-1.3e0 4.5552878e0 1.82264566e-1 1.82264566e-1
-1.2e0 4.5552878e0 2.34028474e-1 2.34028474e-1
-1.1e0 4.5552878e0 2.94582487e-1 2.94582487e-1
-1.0e0 4.5552878e0 3.63334181e-1 3.63334181e-1
-9.0e-1 4.5552878e0 4.39414429e-1 4.39414429e-1
-8.0e-1 4.5552878e0 5.20916945e-1 5.20916945e-1
-7.0e-1 4.5552878e0 6.0519472e-1 6.0519472e-1
-6.0e-1 4.5552878e0 6.89146669e-1 6.89146669e-1
-5.0e-1 4.5552878e0 7.69375113e-1 7.69375113e-1
-4.0e-1 4.5552878e0 8.41791083e-1 8.41791083e-1
-3.0e-1 4.5552878e0 9.02838963e-1 9.02838963e-1
-2.0e-1 4.5552878e0 9.49180452e-1 9.49180452e-1
-1.0e-1 4.5552878e0 9.78020396e-1 9.78020396e-1
0.0e0 4.5552878e0 9.8766998e-1 9.8766998e-1
1.0e-1 4.5552878e0 9.78020396e-1 9.78020396e-1
2.0e-1 4.5552878e0 9.49180452e-1 9.49180452e-1
3.0e-1 4.5552878e0 9.02838963e-1 9.02838963e-1
4.0e-1 4.5552878e0 8.41791083e-1 8.41791083e-1
5.0e-1 4.5552878e0 7.69375113e-1 7.69375113e-1
6.0e-1 4.5552878e0 6.89146669e-1 6.89146669e-1
7.0e-1 4.5552878e0 6.0519472e-1 6.0519472e-1
8.0e-1 4.5552878e0 5.20916945e-1 5.20916945e-1
9.0e-1 4.5552878e0 4.39414429e-1 4.39414429e-1
1.0e0 4.5552878e0 3.63334181e-1 3.63334181e-1
1.1e0 4.5552878e0 2.94582487e-1 2.94582487e-1
1.2e0 4.5552878e0 2.34028474e-1 2.34028474e-1
1.3e0 4.5552878e0 1.82264566e-1 1.82264566e-1
1.4e0 4.5552878e0 1.39083693e-1 1.39083693e-1
1.5e0 4.5552878e0 1.04120242e-1 1.04120242e-1
1.6e0 4.5552878e0 7.63499219e-2 7.63499219e-2
1.7e0 4.5552878e0 5.48894397e-2 5.48894397e-2
1.8e0 4.5552878e0 3.86795865e-2 3.86795865e-2
1.9e0 4.5552878e0 2.67171843e-2 2.67171843e-2
2.0e0 4.5552878e0 1.80889972e-2 1.80889972e-2

-2.0e0 4.7123666e0 1.83144531e-2 1.83144531e-2
-1.9e0 4.7123666e0 2.70501794e-2 2.70501794e-2
-1.8e0 4.7123666e0 3.91616774e-2 3.91616774e-2
-1.7e0 4.7123666e0 5.55735655e-2 5.55735655e-2
-1.6e0 4.7123666e0 7.73015248e-2 7.73015248e-2
-1.5e0 4.7123666e0 1.05417966e-1 1.05417966e-1
-1.4e0 4.7123666e0 1.40817192e-1 1.40817192e-1
-1.3e0 4.7123666e0 1.84536258e-1 1.84536258e-1
-1.2e0 4.7123666e0 2.36945335e-1 2.36945335e-1
-1.1e0 4.7123666e0 2.98254077e-1 2.98254077e-1
-1.0e0 4.7123666e0 3.67862671e-1 3.67862671e-1
-9.0e-1 4.7123666e0 4.4489116e-1 4.4489116e-1
-8.0e-1 4.7123666e0 5.274095e-1 5.274095e-1
-7.0e-1 4.7123666e0 6.12737689e-1 6.12737689e-1
-6.0e-1 4.7123666e0 6.97735991e-1 6.97735991e-1
-5.0e-1 4.7123666e0 7.78964378e-1 7.78964378e-1
-4.0e-1 4.7123666e0 8.5228292e-1 8.5228292e-1
-3.0e-1 4.7123666e0 9.14091682e-1 9.14091682e-1
-2.0e-1 4.7123666e0 9.61010757e-1 9.61010757e-1
-1.0e-1 4.7123666e0 9.90210155e-1 9.90210155e-1
0.0e0 4.7123666e0 9.9998001e-1 9.9998001e-1
1.0e-1 4.7123666e0 9.90210155e-1 9.90210155e-1
2.0e-1 4.7123666e0 9.61010757e-1 9.61010757e-1
3.0e-1 4.7123666e0 9.14091682e-1 9.14091682e-1
4.0e-1 4.7123666e0 8.5228292e-1 8.5228292e-1
5.0e-1 4.7123666e0 7.78964378e-1 7.78964378e-1
6.0e-1 4.7123666e0 6.97735991e-1 6.97735991e-1
7.0e-1 4.7123666e0 6.12737689e-1 6.12737689e-1
8.0e-1 4.7123666e0 5.274095e-1 5.274095e-1
9.0e-1 4.7123666e0 4.4489116e-1 4.4489116e-1
1.0e0 4.7123666e0 3.67862671e-1 3.67862671e-1
1.1e0 4.7123666e0 2.98254077e-1 2.98254077e-1
1.2e0 4.7123666e0 2.36945335e-1 2.36945335e-1
1.3e0 4.7123666e0 1.84536258e-1 1.84536258e-1
1.4e0 4.7123666e0 1.40817192e-1 1.40817192e-1
1.5e0 4.7123666e0 1.05417966e-1 1.05417966e-1
1.6e0 4.7123666e0 7.73015248e-2 7.73015248e-2
1.7e0 4.7123666e0 5.55735655e-2 5.55735655e-2
1.8e0 4.7123666e0 3.91616774e-2 3.91616774e-2
1.9e0 4.7123666e0 2.70501794e-2 2.70501794e-2
2.0e0 4.7123666e0 1.83144531e-2 1.83144531e-2

-2.0e0 4.8694455e0 1.80893633e-2 1.80893633e-2
-1.9e0 4.8694455e0 2.6717725e-2 2.6717725e-2
-1.8e0 4.8694455e0 3.86803693e-2 3.86803693e-2
-1.7e0 4.8694455e0 5.48905505e-2 5.48905505e-2
-1.6e0 4.8694455e0 7.6351467e-2 7.6351467e-2
-1.5e0 4.8694455e0 1.0412235e-1 1.0412235e-1
-1.4e0 4.8694455e0 1.39086508e-1 1.39086508e-1
-1.3e0 4.8694455e0 1.82268254e-1 1.82268254e-1
-1.2e0 4.8694455e0 2.3403321e-1 2.3403321e-1
-1.1e0 4.8694455e0 2.9458845e-1 2.9458845e-1
-1.0e0 4.8694455e0 3.63341534e-1 3.63341534e-1
-9.0e-1 4.8694455e0 4.39423322e-1 4.39423322e-1
-8.0e-1 4.8694455e0 5.20927487e-1 5.20927487e-1
-7.0e-1 4.8694455e0 6.05206969e-1 6.05206969e-1
-6.0e-1 4.8694455e0 6.89160617e-1 6.89160617e-1
-5.0e-1 4.8694455e0 7.69390685e-1 7.69390685e-1
-4.0e-1 4.8694455e0 8.4180812e-1 8.4180812e-1
-3.0e-1 4.8694455e0 9.02857234e-1 9.02857234e-1
-2.0e-1 4.8694455e0 9.49199661e-1 9.49199661e-1
-1.0e-1 4.8694455e0 9.7804019e-1 9.7804019e-1
0.0e0 4.8694455e0 9.8768997e-1 9.8768997e-1
1.0e-1 4.8694455e0 9.7804019e-1 9.7804019e-1
2.0e-1 4.8694455e0 9.49199661e-1 9.49199661e-1
3.0e-1 4.8694455e0 9.02857234e-1 9.02857234e-1
4.0e-1 4.8694455e0 8.4180812e-1 8.4180812e-1
5.0e-1 4.8694455e0 7.69390685e-1 7.69390685e-1
6.0e-1 4.8694455e0 6.89160617e-1 6.89160617e-1
7.0e-1 4.8694455e0 6.05206969e-1 6.05206969e-1
8.0e-1 4.8694455e0 5.20927487e-1 5.20927487e-1
9.0e-1 4.8694455e0 4.39423322e-1 4.39423322e-1
1.0e0 4.8694455e0 3.63341534e-1 3.63341534e-1
1.1e0 4.8694455e0 2.9458845e-1 2.9458845e-1
1.2e0 4.8694455e0 2.3403321e-1 2.3403321e-1
1.3e0 4.8694455e0 1.82268254e-1 1.82268254e-1
1.4e0 4.8694455e0 1.39086508e-1 1.39086508e-1
1.5e0 4.8694455e0 1.0412235e-1 1.0412235e-1
1.6e0 4.8694455e0 7.6351467e-2 7.6351467e-2
1.7e0 4.8694455e0 5.48905505e-2 5.48905505e-2
1.8e0 4.8694455e0 3.86803693e-2 3.86803693e-2
1.9e0 4.8694455e0 2.6717725e-2 2.6717725e-2
2.0e0 4.8694455e0 1.80893633e-2 1.80893633e-2

-2.0e0 5.0265244e0 1.74186742e-2 1.74186742e-2
-1.9e0 5.0265244e0 2.57271269e-2 2.57271269e-2
-1.8e0 5.0265244e0 3.7246239e-2 3.7246239e-2
-1.7e0 5.0265244e0 5.28554045e-2 5.28554045e-2
-1.6e0 5.0265244e0 7.35206267e-2 7.35206267e-2
-1.5e0 5.0265244e0 1.00261864e-1 1.00261864e-1
-1.4e0 5.0265244e0 1.33929675e-1 1.33929675e-1
-1.3e0 5.0265244e0 1.75510397e-1 1.75510397e-1
-1.2e0 5.0265244e0 2.25356093e-1 2.25356093e-1
-1.1e0 5.0265244e0 2.83666159e-1 2.83666159e-1
-1.0e0 5.0265244e0 3.49870125e-1 3.49870125e-1
-9.0e-1 5.0265244e0 4.2313107e-1 4.2313107e-1
-8.0e-1 5.0265244e0 5.01613351e-1 5.01613351e-1
-7.0e-1 5.0265244e0 5.82768051e-1 5.82768051e-1
-6.0e-1 5.0265244e0 6.63608997e-1 6.63608997e-1
-5.0e-1 5.0265244e0 7.40864418e-1 7.40864418e-1
-4.0e-1 5.0265244e0 8.10596873e-1 8.10596873e-1
-3.0e-1 5.0265244e0 8.69382504e-1 8.69382504e-1
-2.0e-1 5.0265244e0 9.1400672e-1 9.1400672e-1
-1.0e-1 5.0265244e0 9.41777945e-1 9.41777945e-1
0.0e0 5.0265244e0 9.5106995e-1 9.5106995e-1
1.0e-1 5.0265244e0 9.41777945e-1 9.41777945e-1
2.0e-1 5.0265244e0 9.1400672e-1 9.1400672e-1
3.0e-1 5.0265244e0 8.69382504e-1 8.69382504e-1
4.0e-1 5.0265244e0 8.10596873e-1 8.10596873e-1
5.0e-1 5.0265244e0 7.40864418e-1 7.40864418e-1
6.0e-1 5.0265244e0 6.63608997e-1 6.63608997e-1
7.0e-1 5.0265244e0 5.82768051e-1 5.82768051e-1
8.0e-1 5.0265244e0 5.01613351e-1 5.01613351e-1
9.0e-1 5.0265244e0 4.2313107e-1 4.2313107e-1
1.0e0 5.0265244e0 3.49870125e-1 3.49870125e-1
1.1e0 5.0265244e0 2.83666159e-1 2.83666159e-1
1.2e0 5.0265244e0 2.25356093e-1 2.25356093e-1
1.3e0 5.0265244e0 1.75510397e-1 1.75510397e-1
1.4e0 5.0265244e0 1.33929675e-1 1.33929675e-1
1.5e0 5.0265244e0 1.00261864e-1 1.00261864e-1
1.6e0 5.0265244e0 7.35206267e-2 7.35206267e-2
1.7e0 5.0265244e0 5.28554045e-2 5.28554045e-2
1.8e0 5.0265244e0 3.7246239e-2 3.7246239e-2
1.9e0 5.0265244e0 2.57271269e-2 2.57271269e-2
2.0e0 5.0265244e0 1.74186742e-2 1.74186742e-2

-2.0e0 5.1836032e0 1.63185051e-2 1.63185051e-2
-1.9e0 5.1836032e0 2.41021933e-2 2.41021933e-2
-1.8e0 5.1836032e0 3.48937544e-2 3.48937544e-2
-1.7e0 5.1836032e0 4.95170401e-2 4.95170401e-2
-1.6e0 5.1836032e0 6.88770401e-2 6.88770401e-2
-1.5e0 5.1836032e0 9.3929292e-2 9.3929292e-2
-1.4e0 5.1836032e0 1.25470634e-1 1.25470634e-1
-1.3e0 5.1836032e0 1.64425104e-1 1.64425104e-1
-1.2e0 5.1836032e0 2.1112253e-1 2.1112253e-1
-1.1e0 5.1836032e0 2.65749713e-1 2.65749713e-1
-1.0e0 5.1836032e0 3.27772215e-1 3.27772215e-1
-9.0e-1 5.1836032e0 3.96405975e-1 3.96405975e-1
-8.0e-1 5.1836032e0 4.69931291e-1 4.69931291e-1
-7.0e-1 5.1836032e0 5.45960233e-1 5.45960233e-1
-6.0e-1 5.1836032e0 6.21695238e-1 6.21695238e-1
-5.0e-1 5.1836032e0 6.94071182e-1 6.94071182e-1
-4.0e-1 5.1836032e0 7.59399313e-1 7.59399313e-1
-3.0e-1 5.1836032e0 8.14472025e-1 8.14472025e-1
-2.0e-1 5.1836032e0 8.5627776e-1 8.5627776e-1
-1.0e-1 5.1836032e0 8.82294945e-1 8.82294945e-1
0.0e0 5.1836032e0 8.9100006e-1 8.9100006e-1
1.0e-1 5.1836032e0 8.82294945e-1 8.82294945e-1
2.0e-1 5.1836032e0 8.5627776e-1 8.5627776e-1
3.0e-1 5.1836032e0 8.14472025e-1 8.14472025e-1
4.0e-1 5.1836032e0 7.59399313e-1 7.59399313e-1
5.0e-1 5.1836032e0 6.94071182e-1 6.94071182e-1
6.0e-1 5.1836032e0 6.21695238e-1 6.21695238e-1
7.0e-1 5.1836032e0 5.45960233e-1 5.45960233e-1
8.0e-1 5.1836032e0 4.69931291e-1 4.69931291e-1
9.0e-1 5.1836032e0 3.96405975e-1 3.96405975e-1
1.0e0 5.1836032e0 3.27772215e-1 3.27772215e-1
1.1e0 5.1836032e0 2.65749713e-1 2.65749713e-1
1.2e0 5.1836032e0 2.1112253e-1 2.1112253e-1
1.3e0 5.1836032e0 1.64425104e-1 1.64425104e-1
1.4e0 5.1836032e0 1.25470634e-1 1.25470634e-1
1.5e0 5.1836032e0 9.3929292e-2 9.3929292e-2
1.6e0 5.1836032e0 6.88770401e-2 6.88770401e-2
1.7e0 5.1836032e0 4.95170401e-2 4.95170401e-2
1.8e0 5.1836032e0 3.48937544e-2 3.48937544e-2
1.9e0 5.1836032e0 2.41021933e-2 2.41021933e-2
2.0e0 5.1836032e0 1.63185051e-2 1.63185051e-2

-2.0e0 5.340682e0 1.48170537e-2 1.48170537e-2
-1.9e0 5.340682e0 2.18845717e-2 2.18845717e-2
-1.8e0 5.340682e0 3.16832108e-2 3.16832108e-2
-1.7e0 5.340682e0 4.49610207e-2 4.49610207e-2
-1.6e0 5.340682e0 6.25397241e-2 6.25397241e-2
-1.5e0 5.340682e0 8.528694e-2 8.528694e-2
-1.4e0 5.340682e0 1.13926192e-1 1.13926192e-1
-1.3e0 5.340682e0 1.49296494e-1 1.49296494e-1
-1.2e0 5.340682e0 1.9169733e-1 1.9169733e-1
-1.1e0 5.340682e0 2.41298315e-1 2.41298315e-1
-1.0e0 5.340682e0 2.97614182e-1 2.97614182e-1
-9.0e-1 5.340682e0 3.5993301e-1 3.5993301e-1
-8.0e-1 5.340682e0 4.26693326e-1 4.26693326e-1
-7.0e-1 5.340682e0 4.9572691e-1 4.9572691e-1
-6.0e-1 5.340682e0 5.64493605e-1 5.64493605e-1
-5.0e-1 5.340682e0 6.30210303e-1 6.30210303e-1
-4.0e-1 5.340682e0 6.89527649e-1 6.89527649e-1
-3.0e-1 5.340682e0 7.3953317e-1 7.3953317e-1
-2.0e-1 5.340682e0 7.77492395e-1 7.77492395e-1
-1.0e-1 5.340682e0 8.01115762e-1 8.01115762e-1
0.0e0 5.340682e0 8.0901993e-1 8.0901993e-1
1.0e-1 5.340682e0 8.01115762e-1 8.01115762e-1
2.0e-1 5.340682e0 7.77492395e-1 7.77492395e-1
3.0e-1 5.340682e0 7.3953317e-1 7.3953317e-1
4.0e-1 5.340682e0 6.89527649e-1 6.89527649e-1
5.0e-1 5.340682e0 6.30210303e-1 6.30210303e-1
6.0e-1 5.340682e0 5.64493605e-1 5.64493605e-1
7.0e-1 5.340682e0 4.9572691e-1 4.9572691e-1
8.0e-1 5.340682e0 4.26693326e-1 4.26693326e-1
9.0e-1 5.340682e0 3.5993301e-1 3.5993301e-1
1.0e0 5.340682e0 2.97614182e-1 2.97614182e-1
1.1e0 5.340682e0 2.41298315e-1 2.41298315e-1
1.2e0 5.340682e0 1.9169733e-1 1.9169733e-1
1.3e0 5.340682e0 1.49296494e-1 1.49296494e-1
1.4e0 5.340682e0 1.13926192e-1 1.13926192e-1
1.5e0 5.340682e0 8.528694e-2 8.528694e-2
1.6e0 5.340682e0 6.25397241e-2 6.25397241e-2
1.7e0 5.340682e0 4.49610207e-2 4.49610207e-2
1.8e0 5.340682e0 3.16832108e-2 3.16832108e-2
1.9e0 5.340682e0 2.18845717e-2 2.18845717e-2
2.0e0 5.340682e0 1.48170537e-2 1.48170537e-2

-2.0e0 5.497761e0 1.29504099e-2 1.29504099e-2
-1.9e0 5.497761e0 1.9127566e-2 1.9127566e-2
-1.8e0 5.497761e0 2.76917783e-2 2.76917783e-2
-1.7e0 5.497761e0 3.92968575e-2 3.92968575e-2
-1.6e0 5.497761e0 5.4661006e-2 5.4661006e-2
-1.5e0 5.497761e0 7.4542542e-2 7.4542542e-2
-1.4e0 5.497761e0 9.9573836e-2 9.9573836e-2
-1.3e0 5.497761e0 1.30488208e-1 1.30488208e-1
-1.2e0 5.497761e0 1.67547412e-1 1.67547412e-1
-1.1e0 5.497761e0 2.10899693e-1 2.10899693e-1
-1.0e0 5.497761e0 2.6012092e-1 2.6012092e-1
-9.0e-1 5.497761e0 3.14588858e-1 3.14588858e-1
-8.0e-1 5.497761e0 3.72938748e-1 3.72938748e-1
-7.0e-1 5.497761e0 4.33275522e-1 4.33275522e-1
-6.0e-1 5.497761e0 4.93379028e-1 4.93379028e-1
-5.0e-1 5.497761e0 5.50816774e-1 5.50816774e-1
-4.0e-1 5.497761e0 6.02661356e-1 6.02661356e-1
-3.0e-1 5.497761e0 6.4636721e-1 6.4636721e-1
-2.0e-1 5.497761e0 6.79544354e-1 6.79544354e-1
-1.0e-1 5.497761e0 7.00191663e-1 7.00191663e-1
0.0e0 5.497761e0 7.0710007e-1 7.0710007e-1
1.0e-1 5.497761e0 7.00191663e-1 7.00191663e-1
2.0e-1 5.497761e0 6.79544354e-1 6.79544354e-1
3.0e-1 5.497761e0 6.4636721e-1 6.4636721e-1
4.0e-1 5.497761e0 6.02661356e-1 6.02661356e-1
5.0e-1 5.497761e0 5.50816774e-1 5.50816774e-1
6.0e-1 5.497761e0 4.93379028e-1 4.93379028e-1
7.0e-1 5.497761e0 4.33275522e-1 4.33275522e-1
8.0e-1 5.497761e0 3.72938748e-1 3.72938748e-1
9.0e-1 5.497761e0 3.14588858e-1 3.14588858e-1
1.0e0 5.497761e0 2.6012092e-1 2.6012092e-1
1.1e0 5.497761e0 2.10899693e-1 2.10899693e-1
1.2e0 5.497761e0 1.67547412e-1 1.67547412e-1
1.3e0 5.497761e0 1.30488208e-1 1.30488208e-1
1.4e0 5.497761e0 9.9573836e-2 9.9573836e-2
1.5e0 5.497761e0 7.4542542e-2 7.4542542e-2
1.6e0 5.497761e0 5.4661006e-2 5.4661006e-2
1.7e0 5.497761e0 3.92968575e-2 3.92968575e-2
1.8e0 5.497761e0 2.76917783e-2 2.76917783e-2
1.9e0 5.497761e0 1.9127566e-2 1.9127566e-2
2.0e0 5.497761e0 1.29504099e-2 1.29504099e-2

-2.0e0 5.6548398e0 1.07650844e-2 1.07650844e-2
-1.9e0 5.6548398e0 1.58998723e-2 1.58998723e-2
-1.8e0 5.6548398e0 2.30189108e-2 2.30189108e-2
-1.7e0 5.6548398e0 3.26656833e-2 3.26656833e-2
-1.6e0 5.6548398e0 4.54371983e-2 4.54371983e-2
-1.5e0 5.6548398e0 6.196381e-2 6.196381e-2
-1.4e0 5.6548398e0 8.2771182e-2 8.2771182e-2
-1.3e0 5.6548398e0 1.08468889e-1 1.08468889e-1
-1.2e0 5.6548398e0 1.39274513e-1 1.39274513e-1
-1.1e0 5.6548398e0 1.75311285e-1 1.75311285e-1
-1.0e0 5.6548398e0 2.16226642e-1 2.16226642e-1
-9.0e-1 5.6548398e0 2.61503352e-1 2.61503352e-1
-8.0e-1 5.6548398e0 3.10006952e-1 3.10006952e-1
-7.0e-1 5.6548398e0 3.60162158e-1 3.60162158e-1
-6.0e-1 5.6548398e0 4.10123457e-1 4.10123457e-1
-5.0e-1 5.6548398e0 4.57868834e-1 4.57868834e-1
-4.0e-1 5.6548398e0 5.00964867e-1 5.00964867e-1
-3.0e-1 5.6548398e0 5.37295547e-1 5.37295547e-1
-2.0e-1 5.6548398e0 5.64874193e-1 5.64874193e-1
-1.0e-1 5.6548398e0 5.82037358e-1 5.82037358e-1
0.0e0 5.6548398e0 5.8778e-1 5.8778e-1
1.0e-1 5.6548398e0 5.82037358e-1 5.82037358e-1
2.0e-1 5.6548398e0 5.64874193e-1 5.64874193e-1
3.0e-1 5.6548398e0 5.37295547e-1 5.37295547e-1
4.0e-1 5.6548398e0 5.00964867e-1 5.00964867e-1
5.0e-1 5.6548398e0 4.57868834e-1 4.57868834e-1
6.0e-1 5.6548398e0 4.10123457e-1 4.10123457e-1
7.0e-1 5.6548398e0 3.60162158e-1 3.60162158e-1
8.0e-1 5.6548398e0 3.10006952e-1 3.10006952e-1
9.0e-1 5.6548398e0 2.61503352e-1 2.61503352e-1
1.0e0 5.6548398e0 2.16226642e-1 2.16226642e-1
1.1e0 5.6548398e0 1.75311285e-1 1.75311285e-1
1.2e0 5.6548398e0 1.39274513e-1 1.39274513e-1
1.3e0 5.6548398e0 1.08468889e-1 1.08468889e-1
1.4e0 5.6548398e0 8.2771182e-2 8.2771182e-2
1.5e0 5.6548398e0 6.196381e-2 6.196381e-2
1.6e0 5.6548398e0 4.54371983e-2 4.54371983e-2
1.7e0 5.6548398e0 3.26656833e-2 3.26656833e-2
1.8e0 5.6548398e0 2.30189108e-2 2.30189108e-2
1.9e0 5.6548398e0 1.58998723e-2 1.58998723e-2
2.0e0 5.6548398e0 1.07650844e-2 1.07650844e-2

-2.0e0 5.8119186e0 8.3149268e-3 8.3149268e-3
-1.9e0 5.8119186e0 1.22810252e-2 1.22810252e-2
-1.8e0 5.8119186e0 1.77797545e-2 1.77797545e-2
-1.7e0 5.8119186e0 2.52308997e-2 2.52308997e-2
-1.6e0 5.8119186e0 3.5095589e-2 3.5095589e-2
-1.5e0 5.8119186e0 4.7860707e-2 4.7860707e-2
-1.4e0 5.8119186e0 6.3932274e-2 6.3932274e-2
-1.3e0 5.8119186e0 8.3781125e-2 8.3781125e-2
-1.2e0 5.8119186e0 1.07575317e-1 1.07575317e-1
-1.1e0 5.8119186e0 1.35410039e-1 1.35410039e-1
-1.0e0 5.8119186e0 1.67012968e-1 1.67012968e-1
-9.0e-1 5.8119186e0 2.01984598e-1 2.01984598e-1
-8.0e-1 5.8119186e0 2.39448666e-1 2.39448666e-1
-7.0e-1 5.8119186e0 2.78188434e-1 2.78188434e-1
-6.0e-1 5.8119186e0 3.16778429e-1 3.16778429e-1
-5.0e-1 5.8119186e0 3.5365685e-1 3.5365685e-1
-4.0e-1 5.8119186e0 3.86944128e-1 3.86944128e-1
-3.0e-1 5.8119186e0 4.15005862e-1 4.15005862e-1
-2.0e-1 5.8119186e0 4.36307545e-1 4.36307545e-1
-1.0e-1 5.8119186e0 4.49564336e-1 4.49564336e-1
0.0e0 5.8119186e0 4.5399994e-1 4.5399994e-1
1.0e-1 5.8119186e0 4.49564336e-1 4.49564336e-1
2.0e-1 5.8119186e0 4.36307545e-1 4.36307545e-1
3.0e-1 5.8119186e0 4.15005862e-1 4.15005862e-1
4.0e-1 5.8119186e0 3.86944128e-1 3.86944128e-1
5.0e-1 5.8119186e0 3.5365685e-1 3.5365685e-1
6.0e-1 5.8119186e0 3.16778429e-1 3.16778429e-1
7.0e-1 5.8119186e0 2.78188434e-1 2.78188434e-1
8.0e-1 5.8119186e0 2.39448666e-1 2.39448666e-1
9.0e-1 5.8119186e0 2.01984598e-1 2.01984598e-1
1.0e0 5.8119186e0 1.67012968e-1 1.67012968e-1
1.1e0 5.8119186e0 1.35410039e-1 1.35410039e-1
1.2e0 5.8119186e0 1.07575317e-1 1.07575317e-1
1.3e0 5.8119186e0 8.3781125e-2 8.3781125e-2
1.4e0 5.8119186e0 6.3932274e-2 6.3932274e-2
1.5e0 5.8119186e0 4.7860707e-2 4.7860707e-2
1.6e0 5.8119186e0 3.5095589e-2 3.5095589e-2
1.7e0 5.8119186e0 2.52308997e-2 2.52308997e-2
1.8e0 5.8119186e0 1.77797545e-2 1.77797545e-2
1.9e0 5.8119186e0 1.22810252e-2 1.22810252e-2
2.0e0 5.8119186e0 8.3149268e-3 8.3149268e-3

-2.0e0 5.9689975e0 5.660013e-3 5.660013e-3
-1.9e0 5.9689975e0 8.3597563e-3 8.3597563e-3
-1.8e0 5.9689975e0 1.21027693e-2 1.21027693e-2
-1.7e0 5.9689975e0 1.71748018e-2 1.71748018e-2
-1.6e0 5.9689975e0 2.38897461e-2 2.38897461e-2
-1.5e0 5.9689975e0 3.2579027e-2 3.2579027e-2
-1.4e0 5.9689975e0 4.3519025e-2 4.3519025e-2
-1.3e0 5.9689975e0 5.7030237e-2 5.7030237e-2
-1.2e0 5.9689975e0 7.3227066e-2 7.3227066e-2
-1.1e0 5.9689975e0 9.2174303e-2 9.2174303e-2
-1.0e0 5.9689975e0 1.13686577e-1 1.13686577e-1
-9.0e-1 5.9689975e0 1.37491943e-1 1.37491943e-1
-8.0e-1 5.9689975e0 1.62993927e-1 1.62993927e-1
-7.0e-1 5.9689975e0 1.89364284e-1 1.89364284e-1
-6.0e-1 5.9689975e0 2.15632689e-1 2.15632689e-1
-5.0e-1 5.9689975e0 2.40736017e-1 2.40736017e-1
-4.0e-1 5.9689975e0 2.63394838e-1 2.63394838e-1
-3.0e-1 5.9689975e0 2.82496603e-1 2.82496603e-1
-2.0e-1 5.9689975e0 2.96996768e-1 2.96996768e-1
-1.0e-1 5.9689975e0 3.06020732e-1 3.06020732e-1
0.0e0 5.9689975e0 3.0904007e-1 3.0904007e-1
1.0e-1 5.9689975e0 3.06020732e-1 3.06020732e-1
2.0e-1 5.9689975e0 2.96996768e-1 2.96996768e-1
3.0e-1 5.9689975e0 2.82496603e-1 2.82496603e-1
4.0e-1 5.9689975e0 2.63394838e-1 2.63394838e-1
5.0e-1 5.9689975e0 2.40736017e-1 2.40736017e-1
6.0e-1 5.9689975e0 2.15632689e-1 2.15632689e-1
7.0e-1 5.9689975e0 1.89364284e-1 1.89364284e-1
8.0e-1 5.9689975e0 1.62993927e-1 1.62993927e-1
9.0e-1 5.9689975e0 1.37491943e-1 1.37491943e-1
1.0e0 5.9689975e0 1.13686577e-1 1.13686577e-1
1.1e0 5.9689975e0 9.2174303e-2 9.2174303e-2
1.2e0 5.9689975e0 7.3227066e-2 7.3227066e-2
1.3e0 5.9689975e0 5.7030237e-2 5.7030237e-2
1.4e0 5.9689975e0 4.3519025e-2 4.3519025e-2
1.5e0 5.9689975e0 3.2579027e-2 3.2579027e-2
1.6e0 5.9689975e0 2.38897461e-2 2.38897461e-2
1.7e0 5.9689975e0 1.71748018e-2 1.71748018e-2
1.8e0 5.9689975e0 1.21027693e-2 1.21027693e-2
1.9e0 5.9689975e0 8.3597563e-3 8.3597563e-3
2.0e0 5.9689975e0 5.660013e-3 5.660013e-3

-2.0e0 6.1260764e0 2.8653542e-3 2.8653542e-3
-1.9e0 6.1260764e0 4.2320862e-3 4.2320862e-3
-1.8e0 6.1260764e0 6.1269685e-3 6.1269685e-3
-1.7e0 6.1260764e0 8.6946605e-3 8.6946605e-3
-1.6e0 6.1260764e0 1.20940686e-2 1.20940686e-2
-1.5e0 6.1260764e0 1.6492975e-2 1.6492975e-2
-1.4e0 6.1260764e0 2.2031296e-2 2.2031296e-2
-1.3e0 6.1260764e0 2.8871281e-2 2.8871281e-2
-1.2e0 6.1260764e0 3.7070848e-2 3.7070848e-2
-1.1e0 6.1260764e0 4.6662796e-2 4.6662796e-2
-1.0e0 6.1260764e0 5.755328e-2 5.755328e-2
-9.0e-1 6.1260764e0 6.9604633e-2 6.9604633e-2
-8.0e-1 6.1260764e0 8.2514888e-2 8.2514888e-2
-7.0e-1 6.1260764e0 9.5864754e-2 9.5864754e-2
-6.0e-1 6.1260764e0 1.09163007e-1 1.09163007e-1
-5.0e-1 6.1260764e0 1.21871446e-1 1.21871446e-1
-4.0e-1 6.1260764e0 1.33342365e-1 1.33342365e-1
-3.0e-1 6.1260764e0 1.43012541e-1 1.43012541e-1
-2.0e-1 6.1260764e0 1.50353178e-1 1.50353178e-1
-1.0e-1 6.1260764e0 1.54921518e-1 1.54921518e-1
0.0e0 6.1260764e0 1.5645004e-1 1.5645004e-1
1.0e-1 6.1260764e0 1.54921518e-1 1.54921518e-1
2.0e-1 6.1260764e0 1.50353178e-1 1.50353178e-1
3.0e-1 6.1260764e0 1.43012541e-1 1.43012541e-1
4.0e-1 6.1260764e0 1.33342365e-1 1.33342365e-1
5.0e-1 6.1260764e0 1.21871446e-1 1.21871446e-1
6.0e-1 6.1260764e0 1.09163007e-1 1.09163007e-1
7.0e-1 6.1260764e0 9.5864754e-2 9.5864754e-2
8.0e-1 6.1260764e0 8.2514888e-2 8.2514888e-2
9.0e-1 6.1260764e0 6.9604633e-2 6.9604633e-2
1.0e0 6.1260764e0 5.755328e-2 5.755328e-2
1.1e0 6.1260764e0 4.6662796e-2 4.6662796e-2
1.2e0 6.1260764e0 3.7070848e-2 3.7070848e-2
1.3e0 6.1260764e0 2.8871281e-2 2.8871281e-2
1.4e0 6.1260764e0 2.2031296e-2 2.2031296e-2
1.5e0 6.1260764e0 1.6492975e-2 1.6492975e-2
1.6e0 6.1260764e0 1.20940686e-2 1.20940686e-2
1.7e0 6.1260764e0 8.6946605e-3 8.6946605e-3
1.8e0 6.1260764e0 6.1269685e-3 6.1269685e-3
1.9e0 6.1260764e0 4.2320862e-3 4.2320862e-3
2.0e0 6.1260764e0 2.8653542e-3 2.8653542e-3

-2.0e0 6.2831552e0 3.6629639e-7 3.6629639e-7
-1.9e0 6.2831552e0 5.410144e-7 5.410144e-7
-1.8e0 6.2831552e0 7.832492e-7 7.832492e-7
-1.7e0 6.2831552e0 1.11149353e-6 1.11149353e-6
-1.6e0 6.2831552e0 1.5460614e-6 1.5460614e-6
-1.5e0 6.2831552e0 2.1084015e-6 2.1084015e-6
-1.4e0 6.2831552e0 2.8164001e-6 2.8164001e-6
-1.3e0 6.2831552e0 3.690799e-6 3.690799e-6
-1.2e0 6.2831552e0 4.7390015e-6 4.7390015e-6
-1.1e0 6.2831552e0 5.9652008e-6 5.9652008e-6
-1.0e0 6.2831552e0 7.3574005e-6 7.3574005e-6
-9.0e-1 6.2831552e0 8.8980011e-6 8.8980011e-6
-8.0e-1 6.2831552e0 1.05484009e-5 1.05484009e-5
-7.0e-1 6.2831552e0 1.22549988e-5 1.22549988e-5
-6.0e-1 6.2831552e0 1.39549988e-5 1.39549988e-5
-5.0e-1 6.2831552e0 1.5579599e-5 1.5579599e-5
-4.0e-1 6.2831552e0 1.70459991e-5 1.70459991e-5
-3.0e-1 6.2831552e0 1.82821991e-5 1.82821991e-5
-2.0e-1 6.2831552e0 1.92205994e-5 1.92205994e-5
-1.0e-1 6.2831552e0 1.9804599e-5 1.9804599e-5
0.0e0 6.2831552e0 2.0e-5 2.0e-5
1.0e-1 6.2831552e0 1.9804599e-5 1.9804599e-5
2.0e-1 6.2831552e0 1.92205994e-5 1.92205994e-5
3.0e-1 6.2831552e0 1.82821991e-5 1.82821991e-5
4.0e-1 6.2831552e0 1.70459991e-5 1.70459991e-5
5.0e-1 6.2831552e0 1.5579599e-5 1.5579599e-5
6.0e-1 6.2831552e0 1.39549988e-5 1.39549988e-5
7.0e-1 6.2831552e0 1.22549988e-5 1.22549988e-5
8.0e-1 6.2831552e0 1.05484009e-5 1.05484009e-5
9.0e-1 6.2831552e0 8.8980011e-6 8.8980011e-6
1.0e0 6.2831552e0 7.3574005e-6 7.3574005e-6
1.1e0 6.2831552e0 5.9652008e-6 5.9652008e-6
1.2e0 6.2831552e0 4.7390015e-6 4.7390015e-6
1.3e0 6.2831552e0 3.690799e-6 3.690799e-6
1.4e0 6.2831552e0 2.8164001e-6 2.8164001e-6
1.5e0 6.2831552e0 2.1084015e-6 2.1084015e-6
1.6e0 6.2831552e0 1.5460614e-6 1.5460614e-6
1.7e0 6.2831552e0 1.11149353e-6 1.11149353e-6
1.8e0 6.2831552e0 7.832492e-7 7.832492e-7
1.9e0 6.2831552e0 5.410144e-7 5.410144e-7
2.0e0 6.2831552e0 3.6629639e-7 3.6629639e-7
